,Width##SECTION_PROPERTY##INCHES,Height##SECTION_PROPERTY##INCHES,Flange Thickness##SECTION_PROPERTY##INCHES,Web Thickness##SECTION_PROPERTY##INCHES,Flange Fillet##SECTION_PROPERTY##INCHES,Top Web Fillet##SECTION_PROPERTY##INCHES,Web Fillet##SECTION_PROPERTY##INCHES,Centroid Horizontal##SECTION_PROPERTY##INCHES,Centroid Vertical##SECTION_PROPERTY##INCHES,Section Area##SECTION_AREA##SQUARE_INCHES,Nominal Weight##WEIGHT_PER_UNIT_LENGTH##POUNDS_FORCE_PER_FOOT,Moment of Inertia strong axis##MOMENT_OF_INERTIA##INCHES_TO_THE_FOURTH_POWER,Moment of Inertia weak axis##MOMENT_OF_INERTIA##INCHES_TO_THE_FOURTH_POWER,Elastic Modulus strong axis##SECTION_MODULUS##CUBIC_INCHES,Elastic Modulus weak axis##SECTION_MODULUS##CUBIC_INCHES,Plastic Modulus strong axis##SECTION_MODULUS##CUBIC_INCHES,Plastic Modulus weak axis##SECTION_MODULUS##CUBIC_INCHES,Torsional Moment of Inertia##MOMENT_OF_INERTIA##INCHES_TO_THE_FOURTH_POWER,Warping Constant##WARPING_CONSTANT##INCHES_TO_THE_SIXTH_POWER,Bolt Spacing Shorter Flange##SECTION_DIMENSION##INCHES,Bolt Spacing 1 Longer Flange##SECTION_DIMENSION##INCHES,Bolt Spacing 2 Longer Flange##SECTION_DIMENSION##INCHES,Section Name Key##other##
L12X12X1-3/8,12,12,1.375,1.375,0.6875,0.6875,1.375,3.5,3.5,31.1,105,415,415,48.8,48.8,88.3,88.3,19.7,209,0,0,0,L12X12X1 3/8
L12X12X1-1/4,12,12,1.25,1.25,0.625,0.625,1.25,3.46,3.46,28.4,96.4,383,383,44.8,44.8,81,81,14.9,160,0,0,0,L12X12X1 1/4
L12X12X1-1/8,12,12,1.125,1.125,0.5625,0.5625,1.125,3.41,3.41,25.8,87.2,351,351,40.9,40.9,73.8,73.8,11.1,120,0,0,0,L12X12X1 1/8
L12X12X1,12,12,1,1,0.5,0.5,1,3.36,3.36,23,77.8,315,315,36.5,36.5,65.9,65.9,7.8,84.5,0,0,0,L12X12X1
L10X10X1-3/8,10,10,1.375,1.375,0.6875,0.6875,1.375,2.99,2.99,25.7,87.1,234,234,33.4,33.4,60.3,60.3,16.2,117,0,0,0,L10X10X1 3/8
L10X10X1-1/4,10,10,1.25,1.25,0.625,0.625,1.25,2.95,2.95,23.5,79.9,216,216,30.6,30.6,55.4,55.4,12.3,89.4,0,0,0,L10X10X1 1/4
L10X10X1-1/8,10,10,1.125,1.125,0.5625,0.5625,1.125,2.9,2.9,21.4,72.3,199,199,28,28,50.6,50.6,9.21,67.3,0,0,0,L10X10X1 1/8
L10X10X1,10,10,1,1,0.5,0.5,1,2.85,2.85,19.1,64.7,179,179,25,25,45.3,45.3,6.46,47.6,0,0,0,L10X10X1
L10X10X7/8,10,10,0.875,0.875,0.4375,0.4375,0.875,2.81,2.81,16.8,56.9,159,159,22.1,22.1,40,40,4.39,32.5,0,0,0,L10X10X7/8
L10X10X3/4,10,10,0.75,0.75,0.375,0.375,0.75,2.76,2.76,14.5,49.1,136,136,19.2,19.2,34.7,34.7,2.8,20.9,0,0,0,L10X10X3/4
L8X8X1-1/8,8,8,1.13,1.13,0.565,0.565,1.13,2.4,2.4,16.8,56.9,98.1,98.1,17.5,17.5,31.6,31.6,7.13,32.5,4.5,4.5,0,L8X8X1 1/8
L8X8X1,8,8,1,1,0.5,0.5,1,2.36,2.36,15.1,51,89.1,89.1,15.8,15.8,28.5,28.5,5.08,23.4,4.5,4.5,0,L8X8X1
L8X8X7/8,8,8,0.875,0.875,0.4375,0.4375,0.875,2.31,2.31,13.3,45,79.7,79.7,14,14,25.3,25.3,3.46,16.1,4.5,4.5,0,L8X8X7/8
L8X8X3/4,8,8,0.75,0.75,0.375,0.375,0.75,2.26,2.26,11.5,38.9,69.9,69.9,12.2,12.2,22,22,2.21,10.4,4.5,4.5,0,L8X8X3/4
L8X8X5/8,8,8,0.625,0.625,0.3125,0.3125,0.625,2.21,2.21,9.69,32.7,59.6,59.6,10.3,10.3,18.6,18.6,1.3,6.16,4.5,4.5,0,L8X8X5/8
L8X8X9/16,8,8,0.563,0.563,0.2815,0.2815,0.563,2.19,2.19,8.77,29.6,54.2,54.2,9.33,9.33,16.8,16.8,0.961,4.55,4.5,4.5,0,L8X8X9/16
L8X8X1/2,8,8,0.5,0.5,0.25,0.25,0.5,2.17,2.17,7.84,26.4,48.8,48.8,8.36,8.36,15.1,15.1,0.683,3.23,4.5,4.5,0,L8X8X1/2
L6X6X1,6,6,1,1,0.5,0.5,1,1.86,1.86,11,37.4,35.4,35.4,8.55,8.55,15.4,15.4,3.68,9.24,3.5,3.5,0,L6X6X1
L6X6X7/8,6,6,0.875,0.875,0.4375,0.4375,0.875,1.81,1.81,9.75,33.1,31.9,31.9,7.61,7.61,13.7,13.7,2.51,6.41,3.5,3.5,0,L6X6X7/8
L6X6X3/4,6,6,0.75,0.75,0.375,0.375,0.75,1.77,1.77,8.46,28.7,28.1,28.1,6.64,6.64,11.9,11.9,1.61,4.17,3.5,3.5,0,L6X6X3/4
L6X6X5/8,6,6,0.625,0.625,0.3125,0.3125,0.625,1.72,1.72,7.13,24.2,24.1,24.1,5.64,5.64,10.1,10.1,0.955,2.5,3.5,3.5,0,L6X6X5/8
L6X6X9/16,6,6,0.563,0.563,0.2815,0.2815,0.563,1.7,1.7,6.45,21.9,22,22,5.12,5.12,9.18,9.18,0.704,1.85,3.5,3.5,0,L6X6X9/16
L6X6X1/2,6,6,0.5,0.5,0.25,0.25,0.5,1.67,1.67,5.77,19.6,19.9,19.9,4.59,4.59,8.22,8.22,0.501,1.32,3.5,3.5,0,L6X6X1/2
L6X6X7/16,6,6,0.438,0.438,0.219,0.219,0.438,1.65,1.65,5.08,17.2,17.6,17.6,4.06,4.06,7.25,7.25,0.34,0.899,3.5,3.5,0,L6X6X7/16
L6X6X3/8,6,6,0.375,0.375,0.1875,0.1875,0.375,1.62,1.62,4.38,14.9,15.4,15.4,3.51,3.51,6.27,6.27,0.218,0.575,3.5,3.5,0,L6X6X3/8
L6X6X5/16,6,6,0.313,0.313,0.1565,0.1565,0.313,1.6,1.6,3.67,12.4,13,13,2.95,2.95,5.26,5.26,0.129,0.338,3.5,3.5,0,L6X6X5/16
L5X5X7/8,5,5,0.875,0.875,0.4375,0.4375,0.875,1.56,1.56,8,27.2,17.8,17.8,5.16,5.16,9.31,9.31,2.07,3.53,3,3,0,L5X5X7/8
L5X5X3/4,5,5,0.75,0.75,0.375,0.375,0.75,1.52,1.52,6.98,23.6,15.7,15.7,4.52,4.52,8.14,8.14,1.33,2.32,3,3,0,L5X5X3/4
L5X5X5/8,5,5,0.625,0.625,0.3125,0.3125,0.625,1.47,1.47,5.9,20,13.6,13.6,3.85,3.85,6.93,6.93,0.792,1.4,3,3,0,L5X5X5/8
L5X5X1/2,5,5,0.5,0.5,0.25,0.25,0.5,1.42,1.42,4.79,16.2,11.3,11.3,3.15,3.15,5.66,5.66,0.417,0.744,3,3,0,L5X5X1/2
L5X5X7/16,5,5,0.438,0.438,0.219,0.219,0.438,1.4,1.4,4.22,14.3,10,10,2.78,2.78,5,5,0.284,0.508,3,3,0,L5X5X7/16
L5X5X3/8,5,5,0.375,0.375,0.1875,0.1875,0.375,1.37,1.37,3.65,12.3,8.76,8.76,2.41,2.41,4.33,4.33,0.183,0.327,3,3,0,L5X5X3/8
L5X5X5/16,5,5,0.313,0.313,0.1565,0.1565,0.313,1.35,1.35,3.07,10.3,7.44,7.44,2.04,2.04,3.65,3.65,0.108,0.193,3,3,0,L5X5X5/16
L4X4X3/4,4,4,0.75,0.75,0.375,0.375,0.75,1.27,1.27,5.44,18.5,7.62,7.62,2.79,2.79,5.02,5.02,1.02,1.12,2.5,2.5,0,L4X4X3/4
L4X4X5/8,4,4,0.625,0.625,0.3125,0.3125,0.625,1.22,1.22,4.61,15.7,6.62,6.62,2.38,2.38,4.28,4.28,0.61,0.68,2.5,2.5,0,L4X4X5/8
L4X4X1/2,4,4,0.5,0.5,0.25,0.25,0.5,1.18,1.18,3.75,12.8,5.52,5.52,1.96,1.96,3.5,3.5,0.322,0.366,2.5,2.5,0,L4X4X1/2
L4X4X7/16,4,4,0.438,0.438,0.219,0.219,0.438,1.15,1.15,3.3,11.3,4.93,4.93,1.73,1.73,3.1,3.1,0.22,0.252,2.5,2.5,0,L4X4X7/16
L4X4X3/8,4,4,0.375,0.375,0.1875,0.1875,0.375,1.13,1.13,2.86,9.8,4.32,4.32,1.5,1.5,2.69,2.69,0.141,0.162,2.5,2.5,0,L4X4X3/8
L4X4X5/16,4,4,0.313,0.313,0.1565,0.1565,0.313,1.11,1.11,2.4,8.2,3.67,3.67,1.27,1.27,2.26,2.26,0.0832,0.0963,2.5,2.5,0,L4X4X5/16
L4X4X1/4,4,4,0.25,0.25,0.125,0.125,0.25,1.08,1.08,1.93,6.6,3,3,1.03,1.03,1.82,1.82,0.0438,0.0505,2.5,2.5,0,L4X4X1/4
L3-1/2X3-1/2X1/2,3.5,3.5,0.5,0.5,0.25,0.25,0.5,1.05,1.05,3.25,11.1,3.63,3.63,1.48,1.48,2.66,2.66,0.281,0.238,2,2,0,L3 1/2X3 1/2X1/2
L3-1/2X3-1/2X7/16,3.5,3.5,0.438,0.438,0.219,0.219,0.438,1.03,1.03,2.89,9.8,3.25,3.25,1.32,1.32,2.36,2.36,0.192,0.164,2,2,0,L3 1/2X3 1/2X7/16
L3-1/2X3-1/2X3/8,3.5,3.5,0.375,0.375,0.1875,0.1875,0.375,1,1,2.5,8.5,2.86,2.86,1.15,1.15,2.06,2.06,0.123,0.106,2,2,0,L3 1/2X3 1/2X3/8
L3-1/2X3-1/2X5/16,3.5,3.5,0.313,0.313,0.1565,0.1565,0.313,0.979,0.979,2.1,7.2,2.44,2.44,0.969,0.969,1.74,1.74,0.0731,0.0634,2,2,0,L3 1/2X3 1/2X5/16
L3-1/2X3-1/2X1/4,3.5,3.5,0.25,0.25,0.125,0.125,0.25,0.954,0.954,1.7,5.8,2,2,0.787,0.787,1.41,1.41,0.0386,0.0334,2,2,0,L3 1/2X3 1/2X1/4
L3X3X1/2,3,3,0.5,0.5,0.25,0.25,0.5,0.929,0.929,2.76,9.4,2.2,2.2,1.06,1.06,1.91,1.91,0.23,0.144,1.75,1.75,0,L3X3X1/2
L3X3X7/16,3,3,0.438,0.438,0.219,0.219,0.438,0.907,0.907,2.43,8.3,1.98,1.98,0.946,0.946,1.7,1.7,0.157,0.1,1.75,1.75,0,L3X3X7/16
L3X3X3/8,3,3,0.375,0.375,0.1875,0.1875,0.375,0.884,0.884,2.11,7.2,1.75,1.75,0.825,0.825,1.48,1.48,0.101,0.0652,1.75,1.75,0,L3X3X3/8
L3X3X5/16,3,3,0.313,0.313,0.1565,0.1565,0.313,0.86,0.86,1.78,6.1,1.5,1.5,0.699,0.699,1.26,1.26,0.0597,0.039,1.75,1.75,0,L3X3X5/16
L3X3X1/4,3,3,0.25,0.25,0.125,0.125,0.25,0.836,0.836,1.44,4.9,1.23,1.23,0.569,0.569,1.02,1.02,0.0313,0.0206,1.75,1.75,0,L3X3X1/4
L3X3X3/16,3,3,0.188,0.188,0.094,0.094,0.188,0.812,0.812,1.09,3.71,0.948,0.948,0.433,0.433,0.774,0.774,0.0136,0.00899,1.75,1.75,0,L3X3X3/16
L2-1/2X2-1/2X1/2,2.5,2.5,0.5,0.5,0.25,0.25,0.5,0.803,0.803,2.26,7.7,1.22,1.22,0.716,0.716,1.29,1.29,0.188,0.0791,1.375,1.375,0,L2 1/2X2 1/2X1/2
L2-1/2X2-1/2X3/8,2.5,2.5,0.375,0.375,0.1875,0.1875,0.375,0.758,0.758,1.73,5.9,0.972,0.972,0.558,0.558,1.01,1.01,0.0833,0.0362,1.375,1.375,0,L2 1/2X2 1/2X3/8
L2-1/2X2-1/2X5/16,2.5,2.5,0.313,0.313,0.1565,0.1565,0.313,0.735,0.735,1.46,5,0.837,0.837,0.474,0.474,0.853,0.853,0.0495,0.0218,1.375,1.375,0,L2 1/2X2 1/2X5/16
L2-1/2X2-1/2X1/4,2.5,2.5,0.25,0.25,0.125,0.125,0.25,0.711,0.711,1.19,4.1,0.692,0.692,0.387,0.387,0.695,0.695,0.0261,0.0116,1.375,1.375,0,L2 1/2X2 1/2X1/4
L2-1/2X2-1/2X3/16,2.5,2.5,0.188,0.188,0.094,0.094,0.188,0.687,0.687,0.901,3.07,0.535,0.535,0.295,0.295,0.529,0.529,0.0114,0.0051,1.375,1.375,0,L2 1/2X2 1/2X3/16
L2X2X3/8,2,2,0.375,0.375,0.1875,0.1875,0.375,0.632,0.632,1.37,4.7,0.476,0.476,0.348,0.348,0.629,0.629,0.0658,0.0174,1.125,1.125,0,L2X2X3/8
L2X2X5/16,2,2,0.313,0.313,0.1565,0.1565,0.313,0.609,0.609,1.16,3.92,0.414,0.414,0.298,0.298,0.537,0.537,0.0393,0.0106,1.125,1.125,0,L2X2X5/16
L2X2X1/4,2,2,0.25,0.25,0.125,0.125,0.25,0.586,0.586,0.944,3.19,0.346,0.346,0.244,0.244,0.44,0.44,0.0209,0.00572,1.125,1.125,0,L2X2X1/4
L2X2X3/16,2,2,0.188,0.188,0.094,0.094,0.188,0.561,0.561,0.722,2.44,0.271,0.271,0.188,0.188,0.338,0.338,0.00921,0.00254,1.125,1.125,0,L2X2X3/16
L2X2X1/8,2,2,0.125,0.125,0.0625,0.0625,0.125,0.534,0.534,0.491,1.65,0.189,0.189,0.129,0.129,0.23,0.23,0.00293,0.000789,1.125,1.125,0,L2X2X1/8
