,Width##SECTION_PROPERTY##INCHES,Height##SECTION_PROPERTY##INCHES,Flange Thickness##SECTION_PROPERTY##INCHES,Web Thickness##SECTION_PROPERTY##INCHES,Web Fillet##SECTION_PROPERTY##INCHES,Centroid Vertical##SECTION_PROPERTY##INCHES,Section Area##SECTION_AREA##SQUARE_INCHES,Nominal Weight##WEIGHT_PER_UNIT_LENGTH##POUNDS_FORCE_PER_FOOT,Moment of Inertia strong axis##MOMENT_OF_INERTIA##INCHES_TO_THE_FOURTH_POWER,Moment of Inertia weak axis##MOMENT_OF_INERTIA##INCHES_TO_THE_FOURTH_POWER,Elastic Modulus strong axis##SECTION_MODULUS##CUBIC_INCHES,Elastic Modulus weak axis##SECTION_MODULUS##CUBIC_INCHES,Plastic Modulus strong axis##SECTION_MODULUS##CUBIC_INCHES,Plastic Modulus weak axis##SECTION_MODULUS##CUBIC_INCHES,Torsional Moment of Inertia##MOMENT_OF_INERTIA##INCHES_TO_THE_FOURTH_POWER,Warping Constant##WARPING_CONSTANT##INCHES_TO_THE_SIXTH_POWER,Bolt Spacing##SECTION_DIMENSION##INCHES,Section Name Key##other##
WT22X167.5,15.9,22,1.77,1.03,0.79,16.47,49.2,167.5,2170,600,131,75.2,234,118,37.2,438,5.5,WT22X167.5
WT22X145,15.8,21.8,1.58,0.865,0.78,16.54,42.6,145,1830,521,111,65.9,196,102,25.4,275,5.5,WT22X145
WT22X131,15.8,21.7,1.42,0.785,0.78,16.51,38.5,131,1640,462,99.4,58.6,176,90.9,18.6,200,5.5,WT22X131
WT22X115,15.8,21.5,1.22,0.71,0.79,16.33,33.9,115,1440,398,88.6,50.5,157,78.3,12.4,139,5.5,WT22X115
WT20X296.5,16.7,21.5,3.23,1.79,1.18,15.84,87.2,296.5,3310,1260,209,151,379,240,221,2340,7.5,WT20X296.5
WT20X251.5,16.4,21,2.76,1.54,1.18,15.62,74,251.5,2730,1020,174,124,314,197,138,1400,7.5,WT20X251.5
WT20X215.5,16.2,20.6,2.36,1.34,1.18,15.42,63.3,215.5,2290,843,148,104,266,164,88.2,881,7.5,WT20X215.5
WT20X198.5,16.1,20.5,2.2,1.22,1.18,15.47,58.3,198.5,2070,771,134,95.7,240,150,70.6,677,7.5,WT20X198.5
WT20X186,16.1,20.3,2.05,1.16,1.18,15.32,54.7,186,1930,709,126,88.3,225,138,57.7,558,7.5,WT20X186
WT20X181,16,20.3,2.01,1.12,1.18,15.39,53.2,181,1870,691,122,86.3,217,135,54.2,511,7.5,WT20X181
WT20X162,15.9,20.1,1.81,1,1.18,15.33,47.7,162,1650,609,108,76.6,192,119,39.6,362,7.5,WT20X162
WT20X148.5,15.8,19.9,1.65,0.93,1.18,15.19,43.6,148.5,1500,546,98.9,69,176,107,30.5,279,7.5,WT20X148.5
WT20X138.5,15.8,19.8,1.58,0.83,1.18,15.3,40.7,138.5,1360,522,88.6,65.9,157,102,25.7,218,7.5,WT20X138.5
WT20X124.5,15.8,19.7,1.42,0.75,1.18,15.29,36.7,124.5,1210,463,79.4,58.8,140,90.8,19,158,7.5,WT20X124.5
WT20X107.5,15.8,19.5,1.22,0.65,1.18,15.22,31.8,107.5,1030,398,68,50.5,120,77.8,12.4,101,7.5,WT20X107.5
WT20X99.5,15.8,19.3,1.07,0.65,1.18,14.83,29.2,99.5,988,347,66.5,44.1,117,68.2,9.12,83.5,7.5,WT20X99.5
WT20X196,12.4,20.8,2.52,1.42,1.18,14.86,57.8,196,2270,401,153,64.9,275,106,85.4,796,7.5,WT20X196
WT20X165.5,12.2,20.4,2.13,1.22,1.18,14.66,48.8,165.5,1880,322,128,52.9,231,85.7,52.5,484,7.5,WT20X165.5
WT20X163.5,12.1,20.4,2.13,1.18,1.18,14.74,47.9,163.5,1840,320,125,52.7,224,85,51.4,449,7.5,WT20X163.5
WT20X147,12,20.2,1.93,1.06,1.18,14.69,43.1,147,1630,281,111,46.7,199,75,38.2,322,7.5,WT20X147
WT20X139,12,20.1,1.81,1.03,1.18,14.59,41,139,1550,261,106,43.5,191,69.9,32.4,282,7.5,WT20X139
WT20X132,11.9,20,1.73,0.96,1.18,14.59,38.7,132,1450,246,99.2,41.3,178,66,27.9,233,7.5,WT20X132
WT20X117.5,11.9,19.8,1.58,0.83,1.18,14.63,34.6,117.5,1260,222,85.7,37.3,153,59,20.6,156,7.5,WT20X117.5
WT20X105.5,11.8,19.7,1.42,0.75,1.18,14.62,31.1,105.5,1120,195,76.7,33,137,52.1,15.2,113,7.5,WT20X105.5
WT20X91.5,11.8,19.5,1.2,0.65,1.18,14.53,26.7,91.5,955,165,65.7,28,117,44,9.65,71.2,7.5,WT20X91.5
WT20X83.5,11.8,19.3,1.03,0.65,1.18,14.11,24.5,83.5,899,141,63.7,23.9,115,37.8,6.99,62.9,7.5,WT20X83.5
WT20X74.5,11.8,19.1,0.83,0.63,1.18,13.65,21.9,74.5,815,114,59.7,19.4,108,30.9,4.66,51.9,7.5,WT20X74.5
WT18X326,17.6,20.5,3.54,1.97,0.95,15.15,96.2,325,3160,1610,208,184,383,290,295,3070,7.5,WT18X326
WT18X264.5,17.2,19.9,2.91,1.61,0.95,14.94,77.8,264.5,2440,1240,164,145,298,227,163,1600,7.5,WT18X264.5
WT18X243.5,17.1,19.7,2.68,1.5,0.95,14.86,71.7,243.5,2220,1120,150,131,272,206,128,1250,7.5,WT18X243.5
WT18X220.5,17,19.4,2.44,1.36,0.95,14.71,64.9,220.5,1980,997,134,117,242,184,96.6,914,7.5,WT18X220.5
WT18X197.5,16.8,19.2,2.2,1.22,0.95,14.67,58.1,197.5,1740,877,119,104,213,162,70.7,652,7.5,WT18X197.5
WT18X180.5,16.7,19,2.01,1.12,0.95,14.58,53,180.5,1570,786,107,94,192,146,54.1,491,7.5,WT18X180.5
WT18X165,16.6,18.8,1.85,1.02,0.95,14.5,48.4,165,1410,711,97,85.5,173,132,42,372,7.5,WT18X165
WT18X151,16.7,18.7,1.68,0.945,0.95,14.48,44.5,151,1280,648,88.8,77.8,158,120,32.1,285,7.5,WT18X151
WT18X141,16.6,18.6,1.57,0.885,0.95,14.44,41.5,141,1190,599,82.6,72.2,146,112,26.3,231,7.5,WT18X141
WT18X131,16.6,18.4,1.44,0.84,0.95,14.26,38.5,131,1110,545,77.5,65.8,137,102,20.8,185,7.5,WT18X131
WT18X123.5,16.5,18.3,1.35,0.8,0.95,14.18,36.3,123.5,1040,507,73.3,61.4,129,94.8,17.3,155,7.5,WT18X123.5
WT18X115.5,16.5,18.2,1.26,0.76,0.95,14.1,34.1,115.5,978,470,69.1,57,122,88,14.3,129,7.5,WT18X115.5
WT18X128,12.2,18.7,1.73,0.96,0.75,13.78,37.6,128,1210,264,87.4,43.2,156,68.5,26.4,205,5.5,WT18X128
WT18X116,12.1,18.6,1.57,0.87,0.75,13.78,34,116,1080,234,78.5,38.6,140,60.9,19.7,151,5.5,WT18X116
WT18X105,12.2,18.3,1.36,0.83,0.75,13.43,30.9,105,985,206,73.1,33.8,131,53.4,13.9,119,5.5,WT18X105
WT18X97,12.1,18.2,1.26,0.765,0.75,13.4,28.5,97,901,187,67,30.9,120,48.8,11.1,92.7,5.5,WT18X97
WT18X91,12.1,18.2,1.18,0.725,0.75,13.43,26.8,91,845,174,63.1,28.8,113,45.3,9.2,77.6,5.5,WT18X91
WT18X85,12,18.1,1.1,0.68,0.75,13.37,25,85,786,160,58.9,26.6,105,41.8,7.51,63.2,5.5,WT18X85
WT18X80,12,18,1.02,0.65,0.75,13.26,23.5,80,740,147,55.8,24.6,100,38.6,6.17,53.6,5.5,WT18X80
WT18X75,12,17.9,0.94,0.625,0.75,13.12,22.1,75,698,135,53.1,22.5,95.5,35.4,5.04,46,5.5,WT18X75
WT18X67.5,12,17.8,0.79,0.6,0.75,12.84,19.9,67.5,637,113,49.7,18.9,90.1,29.8,3.48,37.3,5.5,WT18X67.5
WT16.5X193.5,16.2,18,2.28,1.26,0.79,13.73,57,193.5,1460,810,107,100,193,156,73.9,615,5.5,WT16.5X193.5
WT16.5X177,16.1,17.8,2.09,1.16,0.79,13.65,52.1,177,1320,729,96.8,90.6,174,141,57.1,468,5.5,WT16.5X177
WT16.5X159,16,17.6,1.89,1.04,0.79,13.58,46.8,159,1160,645,85.8,80.7,154,125,42.1,335,5.5,WT16.5X159
WT16.5X145.5,15.9,17.4,1.73,0.96,0.79,13.47,42.8,145.5,1060,581,78.3,73.1,140,113,32.5,256,5.5,WT16.5X145.5
WT16.5X131.5,15.8,17.3,1.57,0.87,0.79,13.47,38.7,131.5,943,517,70.2,65.5,125,101,24.3,188,5.5,WT16.5X131.5
WT16.5X120.5,15.9,17.1,1.4,0.83,0.79,13.26,35.6,120.5,872,466,65.8,58.8,116,90.8,18,146,5.5,WT16.5X120.5
WT16.5X110.5,15.8,17,1.28,0.775,0.78,13.19,32.6,110.5,799,420,60.8,53.2,107,82.1,13.9,113,5.5,WT16.5X110.5
WT16.5X100.5,15.7,16.8,1.15,0.715,0.79,13.03,29.7,100.5,725,375,55.5,47.6,97.8,73.3,10.4,84.9,5.5,WT16.5X100.5
WT16.5X84.5,11.5,16.9,1.22,0.67,0.7,12.69,24.7,84.5,649,155,51.1,27,90.8,42.1,8.81,55.4,5.5,WT16.5X84.5
WT16.5X76,11.6,16.7,1.06,0.635,0.7,12.44,22.5,76,592,136,47.4,23.6,84.5,36.9,6.16,43,5.5,WT16.5X76
WT16.5X70.5,11.5,16.7,0.96,0.605,0.7,12.41,20.7,70.5,552,123,44.7,21.3,79.8,33.4,4.84,35.4,5.5,WT16.5X70.5
WT16.5X65,11.5,16.5,0.855,0.58,0.705,12.14,19.1,65,513,109,42.1,18.9,75.6,29.7,3.67,29.3,5.5,WT16.5X65
WT16.5X59,11.5,16.4,0.74,0.55,0.7,11.93,17.4,59,469,93.5,39.2,16.3,70.8,25.6,2.64,23.4,5.5,WT16.5X59
WT15X195.5,15.6,16.6,2.44,1.36,0.79,12.6,57.6,195.5,1220,774,96.9,99.2,177,155,86.3,636,5.5,WT15X195.5
WT15X178.5,15.5,16.4,2.24,1.24,0.79,12.53,52.5,178.5,1090,693,87.2,89.6,159,140,66.6,478,5.5,WT15X178.5
WT15X163,15.4,16.2,2.05,1.14,0.79,12.44,48,163,981,622,78.8,81,143,126,51.2,361,5.5,WT15X163
WT15X146,15.3,16,1.85,1.02,0.79,12.38,43,146,861,549,69.6,71.9,125,111,37.5,257,5.5,WT15X146
WT15X130.5,15.2,15.8,1.65,0.93,0.79,12.26,38.5,130.5,765,480,62.4,63.3,112,97.9,26.9,184,5.5,WT15X130.5
WT15X117.5,15.1,15.7,1.5,0.83,0.79,12.29,34.7,117.5,674,427,55.1,56.8,98.2,87.5,20.1,133,5.5,WT15X117.5
WT15X105.5,15.1,15.5,1.32,0.775,0.78,12.11,31.1,105.5,610,378,50.5,50.1,89.5,77.2,14.1,96.4,5.5,WT15X105.5
WT15X95.5,15,15.3,1.19,0.71,0.78,11.96,28,95.5,549,336,45.7,44.7,80.8,68.9,10.5,71.2,5.5,WT15X95.5
WT15X86.5,15,15.2,1.07,0.655,0.78,11.89,25.4,86.5,497,299,41.7,39.9,73.5,61.4,7.78,53,5.5,WT15X86.5
WT15X74,10.5,15.3,1.18,0.65,0.65,11.46,21.8,74,466,114,40.6,21.7,72.2,33.9,7.24,37.6,5.5,WT15X74
WT15X66,10.5,15.2,1,0.615,0.65,11.3,19.5,66,421,98,37.4,18.6,66.8,29.2,4.85,28.5,5.5,WT15X66
WT15X62,10.5,15.1,0.93,0.585,0.65,11.2,18.2,62,396,90.4,35.3,17.2,63.1,27,3.98,23.9,5.5,WT15X62
WT15X58,10.5,15,0.85,0.565,0.65,11.06,17.1,58,373,82.1,33.7,15.6,60.4,24.6,3.21,20.5,5.5,WT15X58
WT15X54,10.5,14.9,0.76,0.545,0.65,10.89,15.9,54,349,73,32,13.9,57.7,21.9,2.49,17.3,5.5,WT15X54
WT15X49.5,10.5,14.8,0.67,0.52,0.65,10.71,14.5,49.5,322,63.9,30,12.2,54.4,19.3,1.88,14.3,5.5,WT15X49.5
WT15X45,10.4,14.8,0.61,0.47,0.65,10.76,13.2,45,290,57.3,27.1,11,49,17.3,1.41,10.5,5.5,WT15X45
WT13.5X269.5,15.3,16.3,3.54,1.97,0.79,11.96,79.3,269.5,1530,1060,128,138,242,218,247,1740,5.5,WT13.5X269.5
WT13.5X184,14.7,15.2,2.48,1.38,0.79,11.49,54.2,184,939,655,81.7,89.3,151,140,84.5,532,5.5,WT13.5X184
WT13.5X168,14.6,15,2.28,1.26,0.79,11.42,49.5,168,839,587,73.4,80.8,135,126,65.4,401,5.5,WT13.5X168
WT13.5X153.5,14.4,14.8,2.09,1.16,0.79,11.33,45.2,153.5,753,527,66.4,72.9,121,113,50.5,304,5.5,WT13.5X153.5
WT13.5X140.5,14.4,14.6,1.93,1.06,0.79,11.25,41.5,140.5,677,477,59.9,66.4,109,103,39.6,232,5.5,WT13.5X140.5
WT13.5X129,14.3,14.5,1.77,0.98,0.79,11.23,38.1,129,613,430,54.7,60.2,98.9,93.3,30.7,178,5.5,WT13.5X129
WT13.5X117.5,14.2,14.3,1.61,0.91,0.79,11.1,34.7,117.5,556,384,50,54.2,89.9,83.8,23.4,135,5.5,WT13.5X117.5
WT13.5X108.5,14.1,14.2,1.5,0.83,0.79,11.1,32,108.5,502,352,45.2,49.9,81.1,77,18.8,105,5.5,WT13.5X108.5
WT13.5X97,14,14.1,1.34,0.75,0.79,11.08,28.6,97,444,309,40.3,44.1,71.8,67.8,13.5,74.3,5.5,WT13.5X97
WT13.5X89,14.1,13.9,1.19,0.725,0.79,10.86,26.3,89,414,278,38.2,39.4,67.7,60.8,10,57.7,5.5,WT13.5X89
WT13.5X80.5,14,13.8,1.08,0.66,0.79,10.82,23.8,80.5,372,248,34.4,35.4,60.8,54.5,7.53,42.7,5.5,WT13.5X80.5
WT13.5X73,14,13.7,0.975,0.605,0.785,10.76,21.6,73,336,222,31.2,31.7,55,48.8,5.62,31.7,5.5,WT13.5X73
WT13.5X64.5,10,13.8,1.1,0.61,0.6,10.41,18.9,64.5,323,92.2,31,18.4,55.1,28.8,5.55,24,5.5,WT13.5X64.5
WT13.5X57,10.1,13.6,0.93,0.57,0.6,10.18,16.8,57,289,79.3,28.3,15.8,50.4,24.6,3.65,17.5,5.5,WT13.5X57
WT13.5X51,10,13.5,0.83,0.515,0.6,10.13,15,51,258,69.6,25.3,13.9,45,21.7,2.63,12.6,5.5,WT13.5X51
WT13.5X47,10,13.5,0.745,0.49,0.595,10.09,13.8,47,239,62,23.8,12.4,42.4,19.4,2.01,10.2,5.5,WT13.5X47
WT13.5X42,10,13.4,0.64,0.46,0.6,9.92,12.4,42,216,52.8,21.9,10.6,39.2,16.6,1.4,7.79,5.5,WT13.5X42
WT12X185,13.7,14,2.72,1.52,0.5,10.43,54.5,185,779,581,74.7,85.1,140,133,100,553,5.5,WT12X185
WT12X167.5,13.5,13.8,2.48,1.38,0.5,10.38,49.1,167.5,686,513,66.3,75.9,123,119,75.6,405,5.5,WT12X167.5
WT12X153,13.4,13.6,2.28,1.26,0.5,10.31,44.9,153,611,460,59.4,68.6,110,107,58.4,305,5.5,WT12X153
WT12X139.5,13.3,13.4,2.09,1.16,0.5,10.22,41,139.5,546,412,53.6,61.9,98.8,96.3,45.1,230,5.5,WT12X139.5
WT12X125,13.2,13.2,1.89,1.04,0.5,10.15,36.8,125,478,362,47.2,54.9,86.5,85.2,33.2,165,5.5,WT12X125
WT12X114.5,13.1,13,1.73,0.96,0.5,10.04,33.6,114.5,431,326,42.9,49.7,78.1,77,25.5,125,5.5,WT12X114.5
WT12X103.5,13,12.9,1.57,0.87,0.5,10.03,30.3,103.5,382,289,38.3,44.4,69.3,68.6,19.1,91.3,5.5,WT12X103.5
WT12X96,13,12.7,1.46,0.81,0.5,9.9,28.2,96,350,265,35.2,40.9,63.5,63.1,15.3,72.5,5.5,WT12X96
WT12X88,12.9,12.6,1.34,0.75,0.5,9.86,25.8,88,319,240,32.2,37.2,57.8,57.3,11.9,55.8,5.5,WT12X88
WT12X81,13,12.5,1.22,0.705,0.5,9.8,23.9,81,293,221,29.9,34.2,53.3,52.6,9.22,43.8,5.5,WT12X81
WT12X73,12.9,12.4,1.09,0.65,0.5,9.74,21.5,73,264,195,27.2,30.3,48.2,46.6,6.7,31.9,5.5,WT12X73
WT12X65.5,12.9,12.2,0.96,0.605,0.5,9.55,19.3,65.5,238,170,24.8,26.5,43.9,40.7,4.74,23.1,5.5,WT12X65.5
WT12X58.5,12.8,12.1,0.85,0.55,0.5,9.48,17.2,58.5,212,149,22.3,23.2,39.2,35.7,3.35,16.4,5.5,WT12X58.5
WT12X52,12.8,12,0.75,0.5,0.5,9.41,15.3,52,189,130,20,20.3,35.1,31.2,2.35,11.6,5.5,WT12X52
WT12X51.5,9,12.3,0.98,0.55,0.5,9.29,15.1,51.5,204,59.7,22,13.3,39.2,20.7,3.53,12.3,5.5,WT12X51.5
WT12X47,9.07,12.2,0.875,0.515,0.505,9.21,13.8,47,186,54.5,20.3,12,36.1,18.7,2.62,9.57,5.5,WT12X47
WT12X42,9.02,12.1,0.77,0.47,0.5,9.13,12.4,42,166,47.2,18.3,10.5,32.5,16.3,1.84,6.9,5.5,WT12X42
WT12X38,8.99,12,0.68,0.44,0.5,9,11.2,38,151,41.3,16.9,9.18,30.1,14.3,1.34,5.3,5.5,WT12X38
WT12X34,8.97,11.9,0.585,0.415,0.505,8.84,10,34,137,35.2,15.6,7.85,27.9,12.3,0.932,4.08,5.5,WT12X34
WT12X31,7.04,11.9,0.59,0.43,0.5,8.44,9.11,31,131,17.2,15.6,4.9,28.4,7.85,0.85,3.92,3.5,WT12X31
WT12X27.5,7.01,11.8,0.505,0.395,0.505,8.3,8.1,27.5,117,14.5,14.1,4.15,25.6,6.65,0.588,2.93,3.5,WT12X27.5
WT10.5X100.5,12.6,11.5,1.63,0.91,0.5,8.93,29.6,100.5,285,271,31.9,43.1,58.6,66.5,20.4,85.4,5.5,WT10.5X100.5
WT10.5X91,12.5,11.4,1.48,0.83,0.5,8.92,26.8,91,253,241,28.5,38.6,52.1,59.5,15.3,63,5.5,WT10.5X91
WT10.5X83,12.4,11.2,1.36,0.75,0.5,8.81,24.4,83,226,217,25.5,35,46.3,53.9,11.8,47.3,5.5,WT10.5X83
WT10.5X73.5,12.5,11,1.15,0.72,0.5,8.61,21.6,73.5,204,188,23.7,30,42.4,46.3,7.69,32.5,5.5,WT10.5X73.5
WT10.5X66,12.4,10.9,1.04,0.65,0.5,8.57,19.4,66,181,166,21.1,26.7,37.6,41.1,5.62,23.4,5.5,WT10.5X66
WT10.5X61,12.4,10.8,0.96,0.6,0.5,8.52,17.9,61,166,152,19.3,24.6,34.3,37.8,4.47,18.4,5.5,WT10.5X61
WT10.5X55.5,12.3,10.8,0.875,0.55,0.505,8.57,16.3,55.5,150,137,17.5,22.2,31,34.1,3.4,13.8,5.5,WT10.5X55.5
WT10.5X50.5,12.3,10.7,0.8,0.5,0.5,8.52,14.9,50.5,135,124,15.8,20.2,27.9,30.8,2.6,10.4,5.5,WT10.5X50.5
WT10.5X46.5,8.42,10.8,0.93,0.58,0.5,8.06,13.7,46.5,144,46.4,17.9,11,31.8,17.3,3.01,9.33,5.5,WT10.5X46.5
WT10.5X41.5,8.36,10.7,0.835,0.515,0.505,8.04,12.2,41.5,127,40.7,15.7,9.74,28,15.2,2.16,6.5,5.5,WT10.5X41.5
WT10.5X36.5,8.3,10.6,0.74,0.455,0.5,8,10.7,36.5,110,35.3,13.8,8.51,24.4,13.3,1.51,4.42,5.5,WT10.5X36.5
WT10.5X34,8.27,10.6,0.685,0.43,0.505,8.01,10,34,103,32.4,12.9,7.83,22.9,12.2,1.22,3.62,5.5,WT10.5X34
WT10.5X31,8.24,10.5,0.615,0.4,0.505,7.92,9.13,31,93.8,28.7,11.9,6.97,21.1,10.9,0.913,2.78,5.5,WT10.5X31
WT10.5X27.5,8.22,10.4,0.522,0.375,0.498,7.76,8.1,27.5,84.4,24.2,10.9,5.89,19.4,9.18,0.617,2.08,5.5,WT10.5X27.5
WT10.5X24,8.14,10.3,0.43,0.35,0.5,7.56,7.07,24,74.9,19.4,9.9,4.76,17.8,7.44,0.4,1.52,5.5,WT10.5X24
WT10.5X28.5,6.56,10.5,0.65,0.405,0.5,7.65,8.37,28.5,90.4,15.3,11.8,4.67,21.2,7.4,0.884,2.5,3.5,WT10.5X28.5
WT10.5X25,6.53,10.4,0.535,0.38,0.505,7.47,7.36,25,80.3,12.5,10.7,3.82,19.4,6.08,0.57,1.89,3.5,WT10.5X25
WT10.5X22,6.5,10.3,0.45,0.35,0.5,7.32,6.49,22,71.1,10.3,9.68,3.18,17.6,5.07,0.383,1.4,3.5,WT10.5X22
WT9X155.5,12,11.2,2.74,1.52,0.5,8.27,45.8,155.5,383,398,46.6,66.2,90.6,104,87.2,339,5.5,WT9X155.5
WT9X141.5,11.9,10.9,2.5,1.4,0.5,8.1,41.7,141.5,337,352,41.5,59.2,80.2,92.5,66.5,251,5.5,WT9X141.5
WT9X129,11.8,10.7,2.3,1.28,0.4,8.02,38,129,298,314,37,53.4,71,83.1,51.1,189,5.5,WT9X129
WT9X117,11.7,10.5,2.11,1.16,0.4,7.95,34.3,117,261,279,32.7,47.9,62.4,74.4,39.1,140,5.5,WT9X117
WT9X105.5,11.6,10.3,1.91,1.06,0.4,7.86,31.2,105.5,229,246,29.1,42.7,55,66.1,29.1,102,5.5,WT9X105.5
WT9X96,11.5,10.2,1.75,0.96,0.4,7.86,28.1,96,202,220,25.8,38.4,48.5,59.4,22.3,75.7,5.5,WT9X96
WT9X87.5,11.4,10,1.59,0.89,0.4,7.74,25.7,87.5,181,196,23.4,34.4,43.6,53.1,16.8,56.5,5.5,WT9X87.5
WT9X79,11.3,9.86,1.44,0.81,0.4,7.69,23.2,79,160,174,20.8,30.7,38.5,47.4,12.5,41.2,5.5,WT9X79
WT9X71.5,11.2,9.75,1.32,0.73,0.4,7.66,21,71.5,142,156,18.5,27.7,34,42.7,9.58,30.7,5.5,WT9X71.5
WT9X65,11.2,9.63,1.2,0.67,0.4,7.61,19.2,65,127,139,16.7,24.9,30.5,38.3,7.23,22.8,5.5,WT9X65
WT9X59.5,11.3,9.49,1.06,0.655,0.4,7.46,17.6,59.5,119,126,15.9,22.5,28.7,34.5,5.3,17.4,5.5,WT9X59.5
WT9X53,11.2,9.37,0.94,0.59,0.4,7.4,15.6,53,104,110,14.1,19.7,25.2,30.2,3.73,12.1,5.5,WT9X53
WT9X48.5,11.1,9.3,0.87,0.535,0.4,7.39,14.2,48.5,93.8,100,12.7,18,22.6,27.6,2.92,9.29,5.5,WT9X48.5
WT9X43,11.1,9.2,0.77,0.48,0.4,7.34,12.7,43,82.4,87.6,11.2,15.8,19.9,24.2,2.04,6.42,5.5,WT9X43
WT9X38,11,9.11,0.68,0.425,0.4,7.31,11.1,38,71.8,76.2,9.83,13.8,17.3,21.1,1.41,4.37,5.5,WT9X38
WT9X35.5,7.64,9.24,0.81,0.495,0.4,6.98,10.4,35.5,78.2,30.1,11.2,7.89,20,12.3,1.74,3.96,3.5,WT9X35.5
WT9X32.5,7.59,9.18,0.75,0.45,0.4,6.98,9.55,32.5,70.7,27.4,10.1,7.22,18,11.2,1.36,3.01,3.5,WT9X32.5
WT9X30,7.56,9.12,0.695,0.415,0.405,6.96,8.82,30,64.7,25,9.29,6.63,16.5,10.3,1.08,2.35,3.5,WT9X30
WT9X27.5,7.53,9.06,0.63,0.39,0.4,6.9,8.1,27.5,59.5,22.5,8.63,5.97,15.3,9.26,0.83,1.84,3.5,WT9X27.5
WT9X25,7.5,9,0.57,0.355,0.402,6.88,7.34,25,53.5,20,7.79,5.35,13.8,8.28,0.619,1.36,3.5,WT9X25
WT9X23,6.06,9.03,0.605,0.36,0.405,6.7,6.77,23,52.1,11.3,7.77,3.71,13.9,5.84,0.609,1.2,3.5,WT9X23
WT9X20,6.02,8.95,0.525,0.315,0.402,6.66,5.88,20,44.8,9.55,6.73,3.17,12,4.97,0.404,0.788,3.5,WT9X20
WT9X17.5,6,8.85,0.425,0.3,0.402,6.46,5.15,17.5,40.1,7.67,6.21,2.56,11.2,4.02,0.252,0.598,3.5,WT9X17.5
WT8X50,10.4,8.49,0.985,0.585,0.405,6.73,14.7,50,76.8,93.1,11.4,17.9,20.7,27.4,3.85,10.4,5.5,WT8X50
WT8X44.5,10.4,8.38,0.875,0.525,0.405,6.68,13.1,44.5,67.2,81.3,10.1,15.7,18.1,24,2.72,7.19,5.5,WT8X44.5
WT8X38.5,10.3,8.26,0.76,0.455,0.4,6.63,11.3,38.5,56.9,69.2,8.59,13.4,15.3,20.5,1.78,4.61,5.5,WT8X38.5
WT8X33.5,10.2,8.17,0.665,0.395,0.405,6.61,9.81,33.5,48.6,59.5,7.36,11.6,13,17.7,1.19,3.01,5.5,WT8X33.5
WT8X28.5,7.12,8.22,0.715,0.43,0.405,6.28,8.39,28.5,48.7,21.6,7.77,6.06,13.8,9.42,1.1,1.99,3.5,WT8X28.5
WT8X25,7.07,8.13,0.63,0.38,0.4,6.24,7.37,25,42.3,18.6,6.78,5.26,12,8.15,0.76,1.34,3.5,WT8X25
WT8X22.5,7.04,8.07,0.565,0.345,0.402,6.21,6.63,22.5,37.8,16.4,6.1,4.67,10.8,7.22,0.555,0.974,3.5,WT8X22.5
WT8X20,7,8.01,0.505,0.305,0.402,6.2,5.89,20,33.1,14.4,5.35,4.12,9.43,6.36,0.396,0.673,3.5,WT8X20
WT8X18,6.99,7.93,0.43,0.295,0.402,6.05,5.29,18,30.6,12.2,5.05,3.5,8.93,5.42,0.272,0.516,3.5,WT8X18
WT8X15.5,5.53,7.94,0.44,0.275,0.402,5.92,4.56,15.5,27.5,6.2,4.64,2.24,8.27,3.51,0.23,0.366,3.5,WT8X15.5
WT8X13,5.5,7.85,0.345,0.25,0.402,5.76,3.84,13,23.5,4.79,4.09,1.74,7.36,2.73,0.13,0.243,3.5,WT8X13
WT7X365,17.9,11.2,4.91,3.07,0.6,7.73,107,365,739,2360,95.4,264,211,408,714,5250,7.5,WT7X365
WT7X332.5,17.7,10.8,4.52,2.83,0.6,7.55,97.8,332.5,622,2080,82.1,236,182,365,555,3920,7.5,WT7X332.5
WT7X302.5,17.4,10.5,4.16,2.6,0.6,7.45,89,302.5,524,1840,70.6,211,157,326,430,2930,7.5,WT7X302.5
WT7X275,17.2,10.1,3.82,2.38,0.6,7.25,80.9,275,442,1630,60.9,189,136,292,331,2180,7.5,WT7X275
WT7X250,17,9.8,3.5,2.19,0.6,7.13,73.5,250,375,1440,52.7,169,117,261,254,1620,7.5,WT7X250
WT7X227.5,16.8,9.51,3.21,2.02,0.6,7,66.9,227.5,321,1280,45.9,152,102,234,196,1210,7.5,WT7X227.5
WT7X213,16.7,9.34,3.04,1.88,0.59,6.94,62.7,213,287,1180,41.4,141,91.7,217,164,991,7.5,WT7X213
WT7X199,16.6,9.15,2.85,1.77,0.59,6.85,58.4,199,257,1090,37.6,131,82.9,201,135,801,7.5,WT7X199
WT7X185,16.5,8.96,2.66,1.66,0.6,6.77,54.4,185,229,994,33.9,121,74.4,185,110,640,7.5,WT7X185
WT7X171,16.4,8.77,2.47,1.54,0.6,6.68,50.3,171,203,903,30.4,110,66.2,169,88.3,502,7.5,WT7X171
WT7X155.5,16.2,8.56,2.26,1.41,0.6,6.59,45.7,155.5,176,807,26.7,99.4,57.7,152,67.5,375,7.5,WT7X155.5
WT7X141.5,16.1,8.37,2.07,1.29,0.6,6.51,41.6,141.5,153,722,23.5,89.7,50.4,137,51.8,281,7.5,WT7X141.5
WT7X128.5,16,8.19,1.89,1.18,0.6,6.44,37.8,128.5,133,645,20.7,80.7,43.9,123,39.3,209,7.5,WT7X128.5
WT7X116.5,15.9,8.02,1.72,1.07,0.6,6.37,34.2,116.5,116,576,18.2,72.5,38.2,110,29.6,154,7.5,WT7X116.5
WT7X105.5,15.8,7.86,1.56,0.98,0.6,6.29,31,105.5,102,513,16.2,65,33.4,98.9,22.2,113,7.5,WT7X105.5
WT7X96.5,15.7,7.74,1.44,0.89,0.6,6.25,28.4,96.5,89.8,466,14.4,59.3,29.4,90.1,17.3,87.2,7.5,WT7X96.5
WT7X88,15.7,7.61,1.31,0.83,0.6,6.18,25.9,88,80.5,419,13,53.5,26.3,81.3,13.2,65.2,7.5,WT7X88
WT7X79.5,15.6,7.49,1.19,0.745,0.6,6.14,23.4,79.5,70.2,374,11.4,48.1,22.8,73,9.84,47.9,7.5,WT7X79.5
WT7X72.5,15.5,7.39,1.09,0.68,0.6,6.1,21.3,72.5,62.5,338,10.2,43.7,20.2,66.2,7.56,36.3,7.5,WT7X72.5
WT7X66,14.7,7.33,1.03,0.645,0.6,6.04,19.4,66,57.8,274,9.57,37.2,18.6,56.5,6.13,26.6,5.5,WT7X66
WT7X60,14.7,7.24,0.94,0.59,0.6,6,17.7,60,51.7,247,8.61,33.7,16.5,51.2,4.67,20,5.5,WT7X60
WT7X54.5,14.6,7.16,0.86,0.525,0.6,5.99,16,54.5,45.3,223,7.56,30.6,14.4,46.3,3.55,15,5.5,WT7X54.5
WT7X49.5,14.6,7.08,0.78,0.485,0.6,5.94,14.6,49.5,40.9,201,6.88,27.6,12.9,41.8,2.68,11.1,5.5,WT7X49.5
WT7X45,14.5,7.01,0.71,0.44,0.6,5.92,13.2,45,36.5,181,6.16,25,11.5,37.8,2.03,8.31,5.5,WT7X45
WT7X41,10.1,7.16,0.855,0.51,0.595,5.77,12,41,41.2,74.1,7.14,14.6,13.2,22.4,2.53,5.63,5.5,WT7X41
WT7X37,10.1,7.09,0.785,0.45,0.595,5.77,10.9,37,36,66.9,6.25,13.3,11.5,20.2,1.93,4.19,5.5,WT7X37
WT7X34,10,7.02,0.72,0.415,0.59,5.73,10,34,32.6,60.7,5.69,12.1,10.4,18.4,1.5,3.21,5.5,WT7X34
WT7X30.5,10,6.95,0.645,0.375,0.595,5.7,8.96,30.5,28.9,53.7,5.07,10.7,9.15,16.4,1.09,2.29,5.5,WT7X30.5
WT7X26.5,8.06,6.96,0.66,0.37,0.59,5.58,7.8,26.5,27.6,28.8,4.94,7.15,8.87,11,0.967,1.46,5.5,WT7X26.5
WT7X24,8.03,6.9,0.595,0.34,0.595,5.55,7.07,24,24.9,25.7,4.49,6.4,8,9.8,0.723,1.07,5.5,WT7X24
WT7X21.5,8,6.83,0.53,0.305,0.59,5.52,6.31,21.5,21.9,22.6,3.98,5.65,7.05,8.64,0.522,0.751,5.5,WT7X21.5
WT7X19,6.77,7.05,0.515,0.31,0.4,5.51,5.58,19,23.3,13.3,4.22,3.94,7.45,6.07,0.398,0.554,3.5,WT7X19
WT7X17,6.75,6.99,0.455,0.285,0.4,5.46,5,17,20.9,11.6,3.83,3.45,6.74,5.32,0.284,0.4,3.5,WT7X17
WT7X15,6.73,6.92,0.385,0.27,0.4,5.34,4.42,15,19,9.79,3.55,2.91,6.25,4.49,0.19,0.287,3.5,WT7X15
WT7X13,5.03,6.96,0.42,0.255,0.4,5.24,3.85,13,17.3,4.45,3.31,1.77,5.89,2.76,0.179,0.207,2.75,WT7X13
WT7X11,5,6.87,0.335,0.23,0.4,5.11,3.25,11,14.8,3.5,2.91,1.4,5.2,2.19,0.104,0.134,2.75,WT7X11
WT6X168,13.4,8.41,2.96,1.78,0.59,6.1,49.5,168,190,593,31.2,88.6,68.4,137,120,481,5.5,WT6X168
WT6X152.5,13.2,8.16,2.71,1.63,0.59,6,44.7,152.5,162,525,27,79.3,59.1,122,92,356,5.5,WT6X152.5
WT6X139.5,13.1,7.93,2.47,1.53,0.6,5.88,41,139.5,141,469,24.1,71.3,51.9,110,70.9,267,5.5,WT6X139.5
WT6X126,13,7.71,2.25,1.4,0.6,5.79,37.1,126,121,414,20.9,63.6,44.8,97.9,53.5,195,5.5,WT6X126
WT6X115,12.9,7.53,2.07,1.29,0.6,5.71,33.8,115,106,371,18.5,57.5,39.4,88.4,41.6,148,5.5,WT6X115
WT6X105,12.8,7.36,1.9,1.18,0.6,5.64,30.9,105,92.1,332,16.4,51.9,34.5,79.7,32.1,112,5.5,WT6X105
WT6X95,12.7,7.19,1.74,1.06,0.59,5.57,28,95,79,295,14.2,46.5,29.8,71.2,24.3,82.1,5.5,WT6X95
WT6X85,12.6,7.02,1.56,0.96,0.6,5.5,25,85,67.8,259,12.3,41.2,25.6,62.9,17.7,58.3,5.5,WT6X85
WT6X76,12.5,6.86,1.4,0.87,0.6,5.43,22.4,76,58.5,227,10.8,36.4,22,55.6,12.8,41.3,5.5,WT6X76
WT6X68,12.4,6.71,1.25,0.79,0.6,5.36,20,68,50.6,199,9.46,32.1,19,48.9,9.21,28.9,5.5,WT6X68
WT6X60,12.3,6.56,1.11,0.71,0.59,5.28,17.6,60,43.4,172,8.22,28,16.2,42.7,6.42,19.7,5.5,WT6X60
WT6X53,12.2,6.45,0.99,0.61,0.6,5.26,15.6,53,36.3,151,6.92,24.7,13.6,37.5,4.55,13.6,5.5,WT6X53
WT6X48,12.2,6.36,0.9,0.55,0.6,5.23,14.1,48,32,135,6.12,22.2,11.9,33.7,3.42,10.1,5.5,WT6X48
WT6X43.5,12.1,6.27,0.81,0.515,0.6,5.17,12.8,43.5,28.9,120,5.6,19.9,10.7,30.2,2.54,7.34,5.5,WT6X43.5
WT6X39.5,12.1,6.19,0.735,0.47,0.595,5.13,11.6,39.5,25.8,108,5.03,17.9,9.49,27.1,1.91,5.43,5.5,WT6X39.5
WT6X36,12,6.13,0.67,0.43,0.6,5.11,10.6,36,23.2,97.5,4.54,16.2,8.48,24.6,1.46,4.07,5.5,WT6X36
WT6X32.5,12,6.06,0.605,0.39,0.595,5.075,9.54,32.5,20.6,87.2,4.06,14.5,7.5,22,1.09,2.97,5.5,WT6X32.5
WT6X29,10,6.1,0.64,0.36,0.6,5.07,8.52,29,19.1,53.5,3.76,10.7,6.97,16.2,1.05,2.08,5.5,WT6X29
WT6X26.5,10,6.03,0.575,0.345,0.605,5.01,7.78,26.5,17.7,47.9,3.54,9.58,6.46,14.5,0.788,1.53,5.5,WT6X26.5
WT6X25,8.08,6.1,0.64,0.37,0.5,4.93,7.3,25,18.7,28.2,3.79,6.97,6.88,10.6,0.855,1.23,5.5,WT6X25
WT6X22.5,8.05,6.03,0.575,0.335,0.505,4.9,6.56,22.5,16.6,25,3.39,6.21,6.1,9.47,0.627,0.885,5.5,WT6X22.5
WT6X20,8.01,5.97,0.515,0.295,0.505,4.88,5.84,20,14.4,22,2.95,5.5,5.28,8.38,0.452,0.62,5.5,WT6X20
WT6X17.5,6.56,6.25,0.52,0.3,0.3,4.95,5.17,17.5,16,12.2,3.23,3.73,5.71,5.73,0.369,0.437,3.5,WT6X17.5
WT6X15,6.52,6.17,0.44,0.26,0.3,4.9,4.4,15,13.5,10.2,2.75,3.12,4.83,4.78,0.228,0.267,3.5,WT6X15
WT6X13,6.49,6.11,0.38,0.23,0.3,4.86,3.82,13,11.7,8.66,2.4,2.67,4.2,4.08,0.15,0.174,3.5,WT6X13
WT6X11,4.03,6.16,0.425,0.26,0.3,4.53,3.24,11,11.7,2.33,2.59,1.15,4.63,1.83,0.146,0.137,2.25,WT6X11
WT6X9.5,4.01,6.08,0.35,0.235,0.3,4.43,2.79,9.5,10.1,1.88,2.28,0.939,4.11,1.49,0.0899,0.0934,2.25,WT6X9.5
WT6X8,3.99,6,0.265,0.22,0.3,4.26,2.36,8,8.7,1.41,2.04,0.706,3.72,1.13,0.0511,0.0678,2.25,WT6X8
WT6X7,3.97,5.96,0.225,0.2,0.3,4.2,2.08,7,7.67,1.18,1.83,0.593,3.32,0.947,0.035,0.0493,2.25,WT6X7
WT5X56,10.4,5.68,1.25,0.755,0.5,4.47,16.5,56,28.6,118,6.4,22.6,13.4,34.6,7.5,16.9,5.5,WT5X56
WT5X50,10.3,5.55,1.12,0.68,0.5,4.42,14.7,50,24.5,103,5.56,20,11.4,30.5,5.41,11.9,5.5,WT5X50
WT5X44,10.3,5.42,0.99,0.605,0.5,4.36,13,44,20.8,89.3,4.77,17.4,9.65,26.5,3.75,8.02,5.5,WT5X44
WT5X38.5,10.2,5.3,0.87,0.53,0.5,4.31,11.3,38.5,17.4,76.8,4.05,15.1,8.06,22.9,2.55,5.31,5.5,WT5X38.5
WT5X34,10.1,5.2,0.77,0.47,0.5,4.268,10,34,14.9,66.7,3.49,13.2,6.85,20,1.78,3.62,5.5,WT5X34
WT5X30,10.1,5.11,0.68,0.42,0.5,4.226,8.84,30,12.9,58.1,3.04,11.5,5.87,17.5,1.23,2.46,5.5,WT5X30
WT5X27,10,5.05,0.615,0.37,0.505,4.214,7.9,27,11.1,51.7,2.64,10.3,5.05,15.6,0.909,1.78,5.5,WT5X27
WT5X24.5,10,4.99,0.56,0.34,0.5,4.183,7.21,24.5,10,46.7,2.39,9.34,4.52,14.1,0.693,1.33,5.5,WT5X24.5
WT5X22.5,8.02,5.05,0.62,0.35,0.5,4.143,6.63,22.5,10.2,26.7,2.47,6.65,4.65,10.1,0.753,0.981,5.5,WT5X22.5
WT5X19.5,7.99,4.96,0.53,0.315,0.5,4.084,5.73,19.5,8.84,22.5,2.16,5.64,3.99,8.57,0.487,0.616,5.5,WT5X19.5
WT5X16.5,7.96,4.87,0.435,0.29,0.5,4.001,4.85,16.5,7.71,18.3,1.93,4.6,3.48,7,0.291,0.356,5.5,WT5X16.5
WT5X15,5.81,5.24,0.51,0.3,0.3,4.14,4.42,15,9.28,8.35,2.24,2.87,4.01,4.41,0.31,0.273,2.75,WT5X15
WT5X13,5.77,5.17,0.44,0.26,0.3,4.11,3.81,13,7.86,7.05,1.91,2.44,3.39,3.75,0.201,0.173,2.75,WT5X13
WT5X11,5.75,5.09,0.36,0.24,0.3,4.02,3.24,11,6.88,5.71,1.72,1.99,3.02,3.05,0.119,0.107,2.75,WT5X11
WT5X9.5,4.02,5.12,0.395,0.25,0.3,3.84,2.81,9.5,6.68,2.15,1.74,1.07,3.1,1.67,0.116,0.0796,2.25,WT5X9.5
WT5X8.5,4.01,5.06,0.33,0.24,0.3,3.74,2.5,8.5,6.06,1.78,1.62,0.887,2.9,1.4,0.0776,0.061,2.25,WT5X8.5
WT5X7.5,4,5,0.27,0.23,0.3,3.63,2.21,7.5,5.45,1.45,1.5,0.723,2.71,1.15,0.0518,0.0475,2.25,WT5X7.5
WT5X6,3.96,4.94,0.21,0.19,0.3,3.58,1.77,6,4.35,1.09,1.22,0.551,2.2,0.869,0.0272,0.0255,2.25,WT5X6
WT4X33.5,8.28,4.5,0.935,0.57,0.395,3.564,9.84,33.5,10.9,44.3,3.05,10.7,6.29,16.3,2.51,3.56,5.5,WT4X33.5
WT4X29,8.22,4.38,0.81,0.51,0.39,3.506,8.54,29,9.12,37.5,2.61,9.13,5.25,13.9,1.66,2.28,5.5,WT4X29
WT4X24,8.11,4.25,0.685,0.4,0.395,3.473,7.05,24,6.85,30.5,1.97,7.51,3.94,11.4,0.977,1.3,5.5,WT4X24
WT4X20,8.07,4.13,0.56,0.36,0.394,3.395,5.87,20,5.73,24.5,1.69,6.08,3.25,9.24,0.558,0.715,5.5,WT4X20
WT4X17.5,8.02,4.06,0.495,0.31,0.394,3.372,5.14,17.5,4.82,21.3,1.43,5.31,2.71,8.05,0.384,0.48,5.5,WT4X17.5
WT4X15.5,8,4,0.435,0.285,0.394,3.332,4.56,15.5,4.28,18.5,1.28,4.64,2.39,7.03,0.267,0.327,5.5,WT4X15.5
WT4X14,6.54,4.03,0.465,0.285,0.394,3.296,4.12,14,4.23,10.8,1.28,3.31,2.38,5.04,0.268,0.23,3.5,WT4X14
WT4X12,6.5,3.97,0.4,0.245,0.394,3.275,3.54,12,3.53,9.14,1.08,2.81,1.98,4.28,0.173,0.144,3.5,WT4X12
WT4X10.5,5.27,4.14,0.4,0.25,0.3,3.309,3.08,10.5,3.9,4.88,1.18,1.85,2.11,2.84,0.141,0.0916,2.75,WT4X10.5
WT4X9,5.25,4.07,0.33,0.23,0.3,3.236,2.63,9,3.41,3.98,1.05,1.52,1.86,2.33,0.0855,0.0562,2.75,WT4X9
WT4X7.5,4.02,4.06,0.315,0.245,0.3,3.062,2.22,7.5,3.28,1.7,1.07,0.849,1.91,1.33,0.0679,0.0382,2.25,WT4X7.5
WT4X6.5,4,4,0.255,0.23,0.3,2.97,1.92,6.5,2.89,1.36,0.974,0.682,1.74,1.07,0.0433,0.0269,2.25,WT4X6.5
WT4X5,3.94,3.95,0.205,0.17,0.3,2.997,1.48,5,2.15,1.05,0.717,0.531,1.27,0.826,0.0212,0.0114,2.25,WT4X5
WT3X12.5,6.08,3.19,0.455,0.32,0.25,2.58,3.67,12.5,2.29,8.53,0.886,2.81,1.68,4.28,0.229,0.171,3.5,WT3X12.5
WT3X10,6.02,3.1,0.365,0.26,0.25,2.54,2.94,10,1.76,6.64,0.693,2.21,1.29,3.36,0.12,0.0858,3.5,WT3X10
WT3X7.5,5.99,3,0.26,0.23,0.25,2.442,2.21,7.5,1.41,4.66,0.577,1.56,1.03,2.37,0.0504,0.0342,3.5,WT3X7.5
WT3X8,4.03,3.14,0.405,0.26,0.25,2.464,2.37,8,1.69,2.21,0.685,1.1,1.25,1.69,0.111,0.0426,2.25,WT3X8
WT3X6,4,3.02,0.28,0.23,0.25,2.343,1.78,6,1.32,1.5,0.564,0.748,1.01,1.16,0.0449,0.0178,2.25,WT3X6
WT3X4.5,3.94,2.95,0.215,0.17,0.25,2.327,1.34,4.5,0.95,1.1,0.408,0.557,0.72,0.856,0.0202,0.00736,2.25,WT3X4.5
WT3X4.25,3.94,2.92,0.195,0.17,0.25,2.283,1.26,4.25,0.905,0.995,0.397,0.505,0.7,0.778,0.0166,0.0062,2.25,WT3X4.25
WT2.5X9.5,5.03,2.58,0.43,0.27,0.3,2.093,2.78,9.5,1.01,4.56,0.485,1.81,0.97,2.76,0.157,0.0775,2.75,WT2.5X9.5
WT2.5X8,5,2.51,0.36,0.24,0.3,2.052,2.35,8,0.845,3.75,0.413,1.5,0.801,2.28,0.0958,0.0453,2.75,WT2.5X8
WT2X6.5,4.06,2.08,0.345,0.28,0.25,1.64,1.91,6.5,0.526,1.93,0.321,0.95,0.616,1.46,0.075,0.0233,2.25,WT2X6.5
