,Width##SECTION_PROPERTY##INCHES,Height##SECTION_PROPERTY##INCHES,Flange Thickness##SECTION_PROPERTY##INCHES,Web Thickness##SECTION_PROPERTY##INCHES,Flange Fillet##SECTION_PROPERTY##INCHES,Web Fillet##SECTION_PROPERTY##INCHES,Centroid Horizontal##SECTION_PROPERTY##INCHES,Flange Thickness Location##SECTION_PROPERTY##INCHES,Section Area##SECTION_AREA##SQUARE_INCHES,Nominal Weight##WEIGHT_PER_UNIT_LENGTH##POUNDS_FORCE_PER_FOOT,Moment of Inertia strong axis##MOMENT_OF_INERTIA##INCHES_TO_THE_FOURTH_POWER,Moment of Inertia weak axis##MOMENT_OF_INERTIA##INCHES_TO_THE_FOURTH_POWER,Elastic Modulus strong axis##SECTION_MODULUS##CUBIC_INCHES,Elastic Modulus weak axis##SECTION_MODULUS##CUBIC_INCHES,Plastic Modulus strong axis##SECTION_MODULUS##CUBIC_INCHES,Plastic Modulus weak axis##SECTION_MODULUS##CUBIC_INCHES,Torsional Moment of Inertia##MOMENT_OF_INERTIA##INCHES_TO_THE_FOURTH_POWER,Warping Constant##WARPING_CONSTANT##INCHES_TO_THE_SIXTH_POWER,Principal Axes Angle##ANGLE##DEGREES,Bolt Spacing##SECTION_DIMENSION##INCHES,Section Name Key##other##
C15X50,3.72,15,0.65,0.716,0.325,0.65,0.799,1.502,14.7,50,404,11,53.8,3.77,68.5,8.14,2.65,492,0,2.25,ChannelsC15X50
C15X40,3.52,15,0.65,0.52,0.325,0.65,0.778,1.5,11.8,40,348,9.17,46.5,3.34,57.5,6.84,1.45,410,0,2,ChannelsC15X40
C15X33.9,3.4,15,0.65,0.4,0.325,0.65,0.788,1.5,10,33.9,315,8.07,42,3.09,50.8,6.19,1.01,358,0,2,ChannelsC15X33.9
C12X30,3.17,12,0.501,0.51,0.2505,0.501,0.674,1.33,8.81,30,162,5.12,27,2.05,33.8,4.32,0.861,151,0,1.75,ChannelsC12X30
C12X25,3.05,12,0.501,0.387,0.2505,0.501,0.674,1.3315,7.34,25,144,4.45,24,1.87,29.4,3.82,0.538,130,0,1.75,ChannelsC12X25
C12X20.7,2.94,12,0.501,0.282,0.2505,0.501,0.698,1.329,6.08,20.7,129,3.86,21.5,1.72,25.6,3.47,0.369,112,0,1.75,ChannelsC12X20.7
C10X30,3.03,10,0.436,0.673,0.218,0.436,0.649,1.1785,8.81,30,103,3.93,20.7,1.65,26.7,3.78,1.22,79.5,0,1.75,ChannelsC10X30
C10X25,2.89,10,0.436,0.526,0.218,0.436,0.617,1.182,7.35,25,91.1,3.34,18.2,1.47,23.1,3.18,0.687,68.3,0,1.75,ChannelsC10X25
C10X20,2.74,10,0.436,0.379,0.218,0.436,0.606,1.1805,5.87,20,78.9,2.8,15.8,1.31,19.4,2.7,0.368,56.9,0,1.5,ChannelsC10X20
C10X15.3,2.6,10,0.436,0.24,0.218,0.436,0.634,1.18,4.48,15.3,67.3,2.27,13.5,1.15,15.9,2.34,0.209,45.5,0,1.5,ChannelsC10X15.3
C9X20,2.65,9,0.413,0.448,0.2065,0.413,0.583,1.101,5.87,20,60.9,2.41,13.5,1.17,16.9,2.46,0.427,39.4,0,1.5,ChannelsC9X20
C9X15,2.49,9,0.413,0.285,0.2065,0.413,0.586,1.1025,4.4,15,51,1.91,11.3,1.01,13.6,2.04,0.208,31,0,1.375,ChannelsC9X15
C9X13.4,2.43,9,0.413,0.233,0.2065,0.413,0.601,1.0985,3.94,13.4,47.8,1.75,10.6,0.954,12.6,1.94,0.168,28.2,0,1.375,ChannelsC9X13.4
C8X18.75,2.53,8,0.39,0.487,0.195,0.39,0.565,1.0215,5.51,18.75,43.9,1.97,11,1.01,13.9,2.17,0.434,25.1,0,1.5,ChannelsC8X18.75
C8X13.75,2.34,8,0.39,0.303,0.195,0.39,0.554,1.0185,4.03,13.75,36.1,1.52,9.02,0.848,11,1.73,0.186,19.2,0,1.375,ChannelsC8X13.75
C8X11.5,2.26,8,0.39,0.22,0.195,0.39,0.572,1.02,3.37,11.5,32.5,1.31,8.14,0.775,9.63,1.57,0.13,16.5,0,1.375,ChannelsC8X11.5
C7X14.75,2.3,7,0.366,0.419,0.183,0.366,0.532,0.9405,4.33,14.75,27.2,1.37,7.78,0.772,9.75,1.63,0.267,13.1,0,1.25,ChannelsC7X14.75
C7X12.25,2.19,7,0.366,0.314,0.183,0.366,0.525,0.938,3.59,12.25,24.2,1.16,6.92,0.696,8.46,1.42,0.161,11.2,0,1.25,ChannelsC7X12.25
C7X9.8,2.09,7,0.366,0.21,0.183,0.366,0.541,0.94,2.87,9.8,21.2,0.957,6.07,0.617,7.19,1.26,0.0996,9.15,0,1.25,ChannelsC7X9.8
C6X13,2.16,6,0.343,0.437,0.1715,0.343,0.514,0.8615,3.82,13,17.3,1.05,5.78,0.638,7.29,1.35,0.237,7.19,0,1.375,ChannelsC6X13
C6X10.5,2.03,6,0.343,0.314,0.1715,0.343,0.5,0.858,3.07,10.5,15.1,0.86,5.04,0.561,6.18,1.14,0.128,5.91,0,1.125,ChannelsC6X10.5
C6X8.2,1.92,6,0.343,0.2,0.1715,0.343,0.512,0.86,2.39,8.2,13.1,0.687,4.35,0.488,5.16,0.987,0.0736,4.7,0,1.125,ChannelsC6X8.2
C5X9,1.89,5,0.32,0.325,0.16,0.32,0.478,0.7825,2.64,9,8.89,0.624,3.56,0.444,4.39,0.913,0.109,2.93,0,1.125,ChannelsC5X9
C5X6.7,1.75,5,0.32,0.19,0.16,0.32,0.484,0.78,1.97,6.7,7.48,0.47,2.99,0.372,3.55,0.757,0.0549,2.22,0,0,ChannelsC5X6.7
C4X7.25,1.72,4,0.296,0.321,0.148,0.296,0.459,0.6995,2.13,7.25,4.58,0.425,2.29,0.337,2.84,0.695,0.0817,1.24,0,1,ChannelsC4X7.25
C4X6.25,1.65,4,0.272,0.247,0.136,0.272,0.435,0.7015,1.77,6.25,4,0.345,2,0.284,2.43,0.569,0.0487,1.03,0,0,ChannelsC4X6.25
C4X5.4,1.58,4,0.296,0.184,0.148,0.296,0.457,0.698,1.58,5.4,3.85,0.312,1.92,0.277,2.29,0.565,0.0399,0.921,0,0,ChannelsC4X5.4
C4X4.5,1.58,4,0.296,0.125,0.148,0.296,0.493,0.7275,1.38,4.5,3.65,0.289,1.83,0.265,2.12,0.531,0.0322,0.871,0,0,ChannelsC4X4.5
C3X6,1.6,3,0.273,0.356,0.1365,0.273,0.455,0.622,1.76,6,2.07,0.3,1.38,0.263,1.74,0.543,0.0725,0.462,0,0,ChannelsC3X6
C3X5,1.5,3,0.273,0.258,0.1365,0.273,0.439,0.621,1.47,5,1.85,0.241,1.23,0.228,1.52,0.464,0.0425,0.379,0,0,ChannelsC3X5
C3X4.1,1.41,3,0.273,0.17,0.1365,0.273,0.437,0.62,1.2,4.1,1.65,0.191,1.1,0.196,1.32,0.399,0.0269,0.307,0,0,ChannelsC3X4.1
C3X3.5,1.37,3,0.273,0.132,0.1365,0.273,0.443,0.619,1.09,3.5,1.57,0.169,1.04,0.182,1.24,0.364,0.0226,0.276,0,0,ChannelsC3X3.5
