,Width##SECTION_PROPERTY##INCHES,Height##SECTION_PROPERTY##INCHES,Flange Thickness##SECTION_PROPERTY##INCHES,Web Thickness##SECTION_PROPERTY##INCHES,Flange Fillet##SECTION_PROPERTY##INCHES,Top Web Fillet##SECTION_PROPERTY##INCHES,Web Fillet##SECTION_PROPERTY##INCHES,Centroid Horizontal##SECTION_PROPERTY##INCHES,Centroid Vertical##SECTION_PROPERTY##INCHES,Section Area##SECTION_AREA##SQUARE_INCHES,Nominal Weight##WEIGHT_PER_UNIT_LENGTH##POUNDS_FORCE_PER_FOOT,Moment of Inertia strong axis##MOMENT_OF_INERTIA##INCHES_TO_THE_FOURTH_POWER,Moment of Inertia weak axis##MOMENT_OF_INERTIA##INCHES_TO_THE_FOURTH_POWER,Elastic Modulus strong axis##SECTION_MODULUS##CUBIC_INCHES,Elastic Modulus weak axis##SECTION_MODULUS##CUBIC_INCHES,Plastic Modulus strong axis##SECTION_MODULUS##CUBIC_INCHES,Plastic Modulus weak axis##SECTION_MODULUS##CUBIC_INCHES,Torsional Moment of Inertia##MOMENT_OF_INERTIA##INCHES_TO_THE_FOURTH_POWER,Warping Constant##WARPING_CONSTANT##INCHES_TO_THE_SIXTH_POWER,Principal Axes Angle##ANGLE##DEGREES,Bolt Spacing Shorter Flange##SECTION_DIMENSION##INCHES,Bolt Spacing 1 Longer Flange##SECTION_DIMENSION##INCHES,Bolt Spacing 2 Longer Flange##SECTION_DIMENSION##INCHES,Section Name Key##other##
L8X6X1,6,8,1,1,0.5,0.5,1,1.65,2.65,13.1,44.2,80.9,38.8,15.1,8.92,27.3,16.2,4.34,16.3,28.45769275,3.5,3,6,L8X6X1
L8X6X7/8,6,8,0.875,0.875,0.4375,0.4375,0.875,1.6,2.6,11.5,39.1,72.4,34.9,13.4,7.94,24.3,14.4,2.96,11.3,28.63454024,3.5,3,6,L8X6X7/8
L8X6X3/4,6,8,0.75,0.75,0.375,0.375,0.75,1.56,2.55,9.99,33.8,63.5,30.8,11.7,6.92,21.1,12.5,1.9,7.28,28.81079375,3.5,3,6,L8X6X3/4
L8X6X5/8,6,8,0.625,0.625,0.3125,0.3125,0.625,1.51,2.5,8.41,28.5,54.2,26.4,9.86,5.88,17.9,10.5,1.12,4.33,28.98645281,3.5,3,6,L8X6X5/8
L8X6X9/16,6,8,0.563,0.563,0.2815,0.2815,0.563,1.49,2.48,7.61,25.7,49.4,24.1,8.94,5.34,16.2,9.52,0.823,3.2,29.07405937,3.5,3,6,L8X6X9/16
L8X6X1/2,6,8,0.5,0.5,0.25,0.25,0.5,1.46,2.46,6.8,23,44.4,21.7,8.01,4.79,14.6,8.52,0.584,2.28,29.11780688,3.5,3,6,L8X6X1/2
L8X6X7/16,6,8,0.438,0.438,0.219,0.219,0.438,1.44,2.43,5.99,20.2,39.3,19.3,7.06,4.23,12.9,7.5,0.396,1.55,29.20519039,3.5,3,6,L8X6X7/16
L8X4X1,4,8,1,1,0.5,0.5,1,1.04,3.03,11.1,37.4,69.7,11.6,14,3.94,24.3,7.73,3.68,12.9,13.87435332,2.5,3,6,L8X4X1
L8X4X7/8,4,8,0.875,0.875,0.4375,0.4375,0.875,0.997,2.99,9.79,33.1,62.6,10.5,12.5,3.51,21.7,6.77,2.51,8.89,14.14404346,2.5,3,6,L8X4X7/8
L8X4X3/4,4,8,0.75,0.75,0.375,0.375,0.75,0.949,2.94,8.49,28.7,55,9.37,10.9,3.07,18.9,5.82,1.61,5.75,14.41309539,2.5,3,6,L8X4X3/4
L8X4X5/8,4,8,0.625,0.625,0.3125,0.3125,0.625,0.902,2.89,7.16,24.2,47,8.11,9.2,2.62,16.1,4.86,0.955,3.42,14.68149948,2.5,3,6,L8X4X5/8
L8X4X9/16,4,8,0.563,0.563,0.2815,0.2815,0.563,0.878,2.86,6.49,21.9,42.9,7.44,8.34,2.38,14.6,4.39,0.704,2.53,14.78867759,2.5,3,6,L8X4X9/16
L8X4X1/2,4,8,0.5,0.5,0.25,0.25,0.5,0.854,2.84,5.8,19.6,38.6,6.75,7.48,2.15,13.1,3.91,0.501,1.8,14.89575,2.5,3,6,L8X4X1/2
L8X4X7/16,4,8,0.438,0.438,0.219,0.219,0.438,0.829,2.81,5.11,17.2,34.2,6.03,6.59,1.9,11.6,3.42,0.34,1.22,15.002716,2.5,3,6,L8X4X7/16
L7X4X3/4,4,7,0.75,0.75,0.375,0.375,0.75,1,2.5,7.74,26.2,37.8,9,8.39,3.01,14.8,5.6,1.47,3.97,17.95232433,2.5,2.5,5.5,L7X4X3/4
L7X4X5/8,4,7,0.625,0.625,0.3125,0.3125,0.625,0.958,2.45,6.5,22.1,32.4,7.79,7.12,2.56,12.5,4.69,0.868,2.37,18.21120557,2.5,2.5,5.5,L7X4X5/8
L7X4X1/2,4,7,0.5,0.5,0.25,0.25,0.5,0.91,2.4,5.26,17.9,26.6,6.48,5.79,2.1,10.2,3.77,0.456,1.25,18.46931939,2.5,2.5,5.5,L7X4X1/2
L7X4X7/16,4,7,0.438,0.438,0.219,0.219,0.438,0.886,2.38,4.63,15.7,23.6,5.79,5.11,1.86,9.03,3.31,0.31,0.851,18.62381643,2.5,2.5,5.5,L7X4X7/16
L7X4X3/8,4,7,0.375,0.375,0.1875,0.1875,0.375,0.861,2.35,4,13.6,20.5,5.06,4.42,1.61,7.81,2.84,0.198,0.544,18.72665886,2.5,2.5,5.5,L7X4X3/8
L6X4X7/8,4,6,0.875,0.875,0.4375,0.4375,0.875,1.12,2.12,8,27.2,27.7,9.7,7.13,3.37,12.7,6.26,2.03,4.04,22.83109267,2.5,2.25,4.75,L6X4X7/8
L6X4X3/4,4,6,0.75,0.75,0.375,0.375,0.75,1.07,2.07,6.94,23.6,24.5,8.63,6.23,2.95,11.1,5.42,1.31,2.64,23.17092477,2.5,2.25,4.75,L6X4X3/4
L6X4X5/8,4,6,0.625,0.625,0.3125,0.3125,0.625,1.03,2.03,5.86,20,21,7.48,5.29,2.52,9.44,4.56,0.775,1.59,23.50904023,2.5,2.25,4.75,L6X4X5/8
L6X4X9/16,4,6,0.563,0.563,0.2815,0.2815,0.563,1,2,5.31,18.1,19.2,6.86,4.81,2.29,8.59,4.13,0.572,1.18,23.65341878,2.5,2.25,4.75,L6X4X9/16
L6X4X1/2,4,6,0.5,0.5,0.25,0.25,0.5,0.981,1.98,4.75,16.2,17.3,6.22,4.31,2.06,7.71,3.69,0.407,0.843,23.74949452,2.5,2.25,4.75,L6X4X1/2
L6X4X7/16,4,6,0.438,0.438,0.219,0.219,0.438,0.957,1.95,4.18,14.3,15.4,5.56,3.81,1.83,6.81,3.24,0.276,0.575,23.89334262,2.5,2.25,4.75,L6X4X7/16
L6X4X3/8,4,6,0.375,0.375,0.1875,0.1875,0.375,0.933,1.93,3.61,12.3,13.4,4.86,3.3,1.58,5.89,2.79,0.177,0.369,24.03687141,2.5,2.25,4.75,L6X4X3/8
L6X4X5/16,4,6,0.313,0.313,0.1565,0.1565,0.313,0.908,1.9,3.03,10.3,11.4,4.13,2.77,1.34,4.96,2.33,0.104,0.217,24.18008026,2.5,2.25,4.75,L6X4X5/16
L6X3-1/2X1/2,3.5,6,0.5,0.5,0.25,0.25,0.5,0.829,2.07,4.5,15.3,16.6,4.24,4.23,1.59,7.49,2.88,0.386,0.779,18.93196826,2,2.25,4.75,L6X3 1/2X1/2
L6X3-1/2X3/8,3.5,6,0.375,0.375,0.1875,0.1875,0.375,0.781,2.02,3.44,11.7,12.9,3.33,3.23,1.22,5.74,2.18,0.168,0.341,19.23898729,2,2.25,4.75,L6X3 1/2X3/8
L6X3-1/2X5/16,3.5,6,0.313,0.313,0.1565,0.1565,0.313,0.756,2,2.89,9.8,10.9,2.84,2.72,1.03,4.84,1.82,0.099,0.201,19.39206849,2,2.25,4.75,L6X3 1/2X5/16
L5X3-1/2X3/4,3.5,5,0.75,0.75,0.375,0.375,0.75,0.993,1.74,5.85,19.8,13.9,5.52,4.26,2.2,7.6,4.07,1.09,1.52,24.89130011,2,2,3.75,L5X3 1/2X3/4
L5X3-1/2X5/8,3.5,5,0.625,0.625,0.3125,0.3125,0.625,0.947,1.69,4.93,16.8,12,4.8,3.63,1.88,6.5,3.43,0.651,0.918,25.26731048,2,2,3.75,L5X3 1/2X5/8
L5X3-1/2X1/2,3.5,5,0.5,0.5,0.25,0.25,0.5,0.901,1.65,4,13.6,10,4.02,2.97,1.55,5.33,2.79,0.343,0.491,25.59442085,2,2,3.75,L5X3 1/2X1/2
L5X3-1/2X3/8,3.5,5,0.375,0.375,0.1875,0.1875,0.375,0.854,1.6,3.05,10.4,7.75,3.15,2.28,1.19,4.09,2.12,0.15,0.217,25.87338524,2,2,3.75,L5X3 1/2X3/8
L5X3-1/2X5/16,3.5,5,0.313,0.313,0.1565,0.1565,0.313,0.829,1.57,2.56,8.7,6.58,2.69,1.92,1.01,3.45,1.77,0.0883,0.128,26.05863321,2,2,3.75,L5X3 1/2X5/16
L5X3-1/2X1/4,3.5,5,0.25,0.25,0.125,0.125,0.25,0.804,1.55,2.07,7,5.36,2.2,1.55,0.816,2.78,1.42,0.0464,0.067,26.15103829,2,2,3.75,L5X3 1/2X1/4
L5X3X1/2,3,5,0.5,0.5,0.25,0.25,0.5,0.746,1.74,3.75,12.8,9.43,2.55,2.89,1.13,5.12,2.08,0.322,0.444,19.64656454,1.75,2,3.75,L5X3X1/2
L5X3X7/16,3,5,0.438,0.438,0.219,0.219,0.438,0.722,1.72,3.31,11.3,8.41,2.29,2.56,1,4.53,1.82,0.22,0.304,19.84958234,1.75,2,3.75,L5X3X7/16
L5X3X3/8,3,5,0.375,0.375,0.1875,0.1875,0.375,0.698,1.69,2.86,9.8,7.35,2.01,2.22,0.874,3.93,1.57,0.141,0.196,20.00150594,1.75,2,3.75,L5X3X3/8
L5X3X5/16,3,5,0.313,0.313,0.1565,0.1565,0.313,0.673,1.67,2.41,8.2,6.24,1.72,1.87,0.739,3.32,1.31,0.0832,0.116,20.20361514,1.75,2,3.75,L5X3X5/16
L5X3X1/4,3,5,0.25,0.25,0.125,0.125,0.25,0.648,1.64,1.94,6.6,5.09,1.41,1.51,0.6,2.68,1.05,0.0438,0.0606,20.35485382,1.75,2,3.75,L5X3X1/4
L4X3-1/2X1/2,3.5,4,0.5,0.5,0.25,0.25,0.5,0.994,1.24,3.5,11.9,5.3,3.76,1.92,1.5,3.46,2.69,0.301,0.302,36.86989766,2,0,0,L4X3 1/2X1/2
L4X3-1/2X3/8,3.5,4,0.375,0.375,0.1875,0.1875,0.375,0.947,1.2,2.68,9.1,4.15,2.96,1.48,1.16,2.66,2.06,0.132,0.134,37.05280452,2,0,0,L4X3 1/2X3/8
L4X3-1/2X5/16,3.5,4,0.313,0.313,0.1565,0.1565,0.313,0.923,1.17,2.25,7.7,3.53,2.52,1.25,0.98,2.24,1.74,0.0782,0.0798,37.12572148,2,0,0,L4X3 1/2X5/16
L4X3-1/2X1/4,3.5,4,0.25,0.25,0.125,0.125,0.25,0.897,1.14,1.82,6.2,2.89,2.07,1.01,0.794,1.81,1.4,0.0412,0.0419,37.19849818,2,0,0,L4X3 1/2X1/4
L4X3X5/8,3,4,0.625,0.625,0.3125,0.3125,0.625,0.867,1.37,3.99,13.6,6.01,2.85,2.28,1.34,4.08,2.45,0.529,0.472,28.10221701,1.75,0,0,L4X3X5/8
L4X3X1/2,3,4,0.5,0.5,0.25,0.25,0.5,0.822,1.32,3.25,11.1,5.02,2.4,1.87,1.1,3.36,1.99,0.281,0.255,28.45769275,1.75,0,0,L4X3X1/2
L4X3X3/8,3,4,0.375,0.375,0.1875,0.1875,0.375,0.775,1.27,2.49,8.5,3.94,1.89,1.44,0.851,2.6,1.52,0.123,0.114,28.85476425,1.75,0,0,L4X3X3/8
L4X3X5/16,3,4,0.313,0.313,0.1565,0.1565,0.313,0.75,1.25,2.09,7.2,3.36,1.62,1.22,0.721,2.19,1.28,0.0731,0.0676,28.98645281,1.75,0,0,L4X3X5/16
L4X3X1/4,3,4,0.25,0.25,0.125,0.125,0.25,0.725,1.22,1.69,5.8,2.75,1.33,0.988,0.585,1.77,1.03,0.0386,0.0356,29.1615172,1.75,0,0,L4X3X1/4
L3-1/2X3X1/2,3,3.5,0.5,0.5,0.25,0.25,0.5,0.869,1.12,3.02,10.2,3.45,2.32,1.45,1.09,2.61,1.97,0.26,0.191,35.48886929,1.75,0,0,L3 1/2X3X1/2
L3-1/2X3X7/16,3,3.5,0.438,0.438,0.219,0.219,0.438,0.846,1.09,2.67,9.1,3.1,2.09,1.29,0.971,2.32,1.75,0.178,0.132,35.6405232,1.75,0,0,L3 1/2X3X7/16
L3-1/2X3X3/8,3,3.5,0.375,0.375,0.1875,0.1875,0.375,0.823,1.07,2.32,7.9,2.73,1.84,1.12,0.847,2.03,1.52,0.114,0.0858,35.75388726,1.75,0,0,L3 1/2X3X3/8
L3-1/2X3X5/16,3,3.5,0.313,0.313,0.1565,0.1565,0.313,0.798,1.05,1.95,6.6,2.33,1.58,0.951,0.718,1.72,1.28,0.068,0.0512,35.82928432,1.75,0,0,L3 1/2X3X5/16
L3-1/2X3X1/4,3,3.5,0.25,0.25,0.125,0.125,0.25,0.773,1.02,1.58,5.4,1.92,1.3,0.773,0.585,1.39,1.04,0.036,0.027,35.94211186,1.75,0,0,L3 1/2X3X1/4
L3-1/2X2-1/2X1/2,2.5,3.5,0.5,0.5,0.25,0.25,0.5,0.701,1.2,2.77,9.4,3.24,1.36,1.41,0.756,2.52,1.39,0.234,0.159,25.87338524,1.375,0,0,L3 1/2X2 1/2X1/2
L3-1/2X2-1/2X3/8,2.5,3.5,0.375,0.375,0.1875,0.1875,0.375,0.655,1.15,2.12,7.2,2.56,1.09,1.09,0.589,1.96,1.07,0.103,0.0714,26.33540998,1.375,0,0,L3 1/2X2 1/2X3/8
L3-1/2X2-1/2X5/16,2.5,3.5,0.313,0.313,0.1565,0.1565,0.313,0.632,1.13,1.79,6.1,2.2,0.937,0.925,0.501,1.67,0.9,0.0611,0.0426,26.56505118,1.375,0,0,L3 1/2X2 1/2X5/16
L3-1/2X2-1/2X1/4,2.5,3.5,0.25,0.25,0.125,0.125,0.25,0.607,1.1,1.45,4.9,1.81,0.775,0.753,0.41,1.36,0.728,0.0322,0.0225,26.74810415,1.375,0,0,L3 1/2X2 1/2X1/4
L3X2-1/2X1/2,2.5,3,0.5,0.5,0.25,0.25,0.5,0.746,0.995,2.5,8.5,2.07,1.29,1.03,0.736,1.86,1.34,0.213,0.112,33.66361518,1.375,0,0,L3X2 1/2X1/2
L3X2-1/2X7/16,2.5,3,0.438,0.438,0.219,0.219,0.438,0.724,0.972,2.22,7.6,1.87,1.17,0.921,0.656,1.66,1.19,0.146,0.0777,33.86161129,1.375,0,0,L3X2 1/2X7/16
L3X2-1/2X3/8,2.5,3,0.375,0.375,0.1875,0.1875,0.375,0.701,0.949,1.93,6.6,1.65,1.03,0.803,0.573,1.45,1.03,0.0943,0.0507,34.01935001,1.375,0,0,L3X2 1/2X3/8
L3X2-1/2X5/16,2.5,3,0.313,0.313,0.1565,0.1565,0.313,0.677,0.925,1.63,5.6,1.41,0.888,0.681,0.487,1.23,0.873,0.056,0.0304,34.17650465,1.375,0,0,L3X2 1/2X5/16
L3X2-1/2X1/4,2.5,3,0.25,0.25,0.125,0.125,0.25,0.653,0.9,1.32,4.5,1.16,0.734,0.555,0.397,1,0.707,0.0296,0.0161,34.33307608,1.375,0,0,L3X2 1/2X1/4
L3X2-1/2X3/16,2.5,3,0.188,0.188,0.094,0.094,0.188,0.627,0.874,1,3.39,0.899,0.568,0.423,0.303,0.761,0.536,0.013,0.00705,34.48906522,1.375,0,0,L3X2 1/2X3/16
L3X2X1/2,2,3,0.5,0.5,0.25,0.25,0.5,0.58,1.08,2.26,7.7,1.92,0.667,1,0.47,1.78,0.887,0.192,0.0908,22.44062526,1.125,0,0,L3X2X1/2
L3X2X3/8,2,3,0.375,0.375,0.1875,0.1875,0.375,0.535,1.03,1.75,5.9,1.54,0.539,0.779,0.368,1.39,0.679,0.0855,0.0413,23.07400455,1.125,0,0,L3X2X3/8
L3X2X5/16,2,3,0.313,0.313,0.1565,0.1565,0.313,0.511,1.01,1.48,5,1.32,0.467,0.662,0.314,1.19,0.572,0.051,0.0248,23.36434449,1.125,0,0,L3X2X5/16
L3X2X1/4,2,3,0.25,0.25,0.125,0.125,0.25,0.487,0.98,1.2,4.1,1.09,0.39,0.541,0.258,0.969,0.463,0.027,0.0132,23.60532785,1.125,0,0,L3X2X1/4
L3X2X3/16,2,3,0.188,0.188,0.094,0.094,0.188,0.462,0.952,0.917,3.07,0.847,0.305,0.414,0.198,0.743,0.351,0.0119,0.00576,23.84542868,1.125,0,0,L3X2X3/16
L2-1/2X2X3/8,2,2.5,0.375,0.375,0.1875,0.1875,0.375,0.578,0.826,1.55,5.3,0.914,0.513,0.546,0.361,0.982,0.657,0.0746,0.0268,31.46663229,1.125,0,0,L2 1/2X2X3/8
L2-1/2X2X5/16,2,2.5,0.313,0.313,0.1565,0.1565,0.313,0.555,0.803,1.32,4.5,0.79,0.446,0.465,0.309,0.839,0.557,0.0444,0.0162,31.71606523,1.125,0,0,L2 1/2X2X5/16
L2-1/2X2X1/4,2,2.5,0.25,0.25,0.125,0.125,0.25,0.532,0.779,1.07,3.62,0.656,0.372,0.381,0.253,0.688,0.454,0.0235,0.00868,31.96416323,1.125,0,0,L2 1/2X2X1/4
L2-1/2X2X3/16,2,2.5,0.188,0.188,0.094,0.094,0.188,0.508,0.754,0.818,2.75,0.511,0.292,0.293,0.195,0.529,0.347,0.0103,0.00382,32.12882099,1.125,0,0,L2 1/2X2X3/16
L2-1/2X1-1/2X1/4,1.5,2.5,0.25,0.25,0.125,0.125,0.25,0.372,0.866,0.947,3.19,0.594,0.16,0.364,0.142,0.644,0.261,0.0209,0.00694,19.49396308,0.875,0,0,L2 1/2X1 1/2X1/4
L2-1/2X1-1/2X3/16,1.5,2.5,0.188,0.188,0.094,0.094,0.188,0.347,0.839,0.724,2.44,0.464,0.126,0.28,0.11,0.497,0.198,0.00921,0.00306,19.79887638,0.875,0,0,L2 1/2X1 1/2X3/16
