,Width##SECTION_PROPERTY##INCHES,Height##SECTION_PROPERTY##INCHES,Flange Thickness##SECTION_PROPERTY##INCHES,Web Thickness##SECTION_PROPERTY##INCHES,Flange Fillet##SECTION_PROPERTY##INCHES,Web Fillet##SECTION_PROPERTY##INCHES,Centroid Vertical##SECTION_PROPERTY##INCHES,Flange Thickness Location##SECTION_PROPERTY##INCHES,Section Area##SECTION_AREA##SQUARE_INCHES,Nominal Weight##WEIGHT_PER_UNIT_LENGTH##POUNDS_FORCE_PER_FOOT,Moment of Inertia strong axis##MOMENT_OF_INERTIA##INCHES_TO_THE_FOURTH_POWER,Moment of Inertia weak axis##MOMENT_OF_INERTIA##INCHES_TO_THE_FOURTH_POWER,Elastic Modulus strong axis##SECTION_MODULUS##CUBIC_INCHES,Elastic Modulus weak axis##SECTION_MODULUS##CUBIC_INCHES,Plastic Modulus strong axis##SECTION_MODULUS##CUBIC_INCHES,Plastic Modulus weak axis##SECTION_MODULUS##CUBIC_INCHES,Torsional Moment of Inertia##MOMENT_OF_INERTIA##INCHES_TO_THE_FOURTH_POWER,Warping Constant##WARPING_CONSTANT##INCHES_TO_THE_SIXTH_POWER,Bolt Spacing##SECTION_DIMENSION##INCHES,Section Name Key##other##
ST12X60.5,8.05,12.3,1.09,0.8,0.545,1.09,8.67,1.8125,17.8,60.5,259,41.5,30.1,10.3,54.5,18.1,6.38,27.5,4,ST 12X60.5
ST12X53,7.87,12.3,1.09,0.62,0.545,1.09,9.02,1.8125,15.6,53,216,38.4,24.1,9.76,43.3,16.7,5.05,15,4,ST 12X53
ST12X50,7.25,12,0.87,0.745,0.435,0.87,8.16,1.62625,14.7,50,215,23.7,26.3,6.55,47.5,12,3.76,19.5,4,ST 12X50
ST12X45,7.13,12,0.87,0.625,0.435,0.87,8.4,1.62625,13.2,45,190,22.3,22.6,6.27,41.1,11.2,3.01,12.1,4,ST 12X45
ST12X40,7,12,0.87,0.5,0.435,0.87,8.7,1.625,11.7,40,162,21,18.6,6,33.6,10.4,2.44,6.94,4,ST 12X40
ST10X48,7.2,10.2,0.92,0.8,0.46,0.92,7.07,1.6,14.1,48,143,25,20.3,6.93,36.9,12.5,4.16,15,4,ST 10X48
ST10X43,7.06,10.2,0.92,0.66,0.46,0.92,7.29,1.6,12.7,43,124,23.3,17.2,6.59,31.1,11.6,3.3,9.17,4,ST 10X43
ST10X37.5,6.39,10,0.795,0.635,0.3975,0.795,6.93,1.43875,11,37.5,109,14.8,15.8,4.62,28.6,8.36,2.28,7.21,3.5,ST 10X37.5
ST10X33,6.26,10,0.795,0.505,0.3975,0.795,7.19,1.43875,9.7,33,92.9,13.7,12.9,4.39,23.4,7.7,1.78,4.02,3.5,ST 10X33
ST9X35,6.25,9,0.691,0.711,0.3455,0.691,6.06,1.38475,10.3,35,84.5,12,14,3.84,25.1,7.17,2.02,7.03,3.5,ST 9X35
ST9X27.35,6,9,0.691,0.461,0.3455,0.691,6.49,1.38475,8.02,27.35,62.3,10.4,9.6,3.45,17.3,6.06,1.16,2.26,3.5,ST 9X27.35
ST7.5X25,5.64,7.5,0.622,0.55,0.311,0.622,5.25,1.2725,7.34,25,40.5,7.79,7.72,2.76,14,4.99,1.05,2.02,3.5,ST 7.5X25
ST7.5X21.45,5.5,7.5,0.622,0.411,0.311,0.622,5.49,1.27225,6.3,21.45,32.9,7.13,5.99,2.59,10.8,4.54,0.765,0.995,3.5,ST 7.5X21.45
ST6X25,5.48,6,0.659,0.687,0.3295,0.659,4.16,1.19825,7.33,25,25.1,7.79,6.04,2.84,11,5.16,1.36,1.97,3,ST 6X25
ST6X20.4,5.25,6,0.659,0.462,0.3295,0.659,4.42,1.197,5.96,20.4,18.9,6.74,4.27,2.57,7.71,4.43,0.842,0.787,3,ST 6X20.4
ST6X17.5,5.08,6,0.544,0.428,0.272,0.544,4.35,1.163,5.12,17.5,17.2,4.92,3.95,1.94,7.12,3.4,0.524,0.556,3,ST 6X17.5
ST6X15.9,5,6,0.544,0.35,0.272,0.544,4.49,1.1625,4.65,15.9,14.8,4.66,3.3,1.87,5.94,3.22,0.438,0.364,3,ST 6X15.9
ST5X17.5,4.94,5,0.491,0.594,0.2455,0.491,3.44,1.0865,5.14,17.5,12.5,4.15,3.62,1.68,6.58,3.1,0.633,0.725,2.75,ST 5X17.5
ST5X12.7,4.66,5,0.491,0.311,0.2455,0.491,3.8,1.08725,3.72,12.7,7.79,3.36,2.05,1.44,3.7,2.49,0.3,0.173,2.75,ST 5X12.7
ST4X11.5,4.17,4,0.425,0.441,0.2125,0.425,2.85,0.93225,3.38,11.5,5,2.13,1.76,1.02,3.19,1.84,0.271,0.168,2.25,ST 4X11.5
ST4X9.2,4,4,0.425,0.271,0.2125,0.425,3.058,0.93225,2.7,9.2,3.49,1.84,1.14,0.922,2.07,1.59,0.167,0.0642,2.25,ST 4X9.2
ST3X8.6,3.57,3,0.359,0.465,0.1795,0.359,2.085,0.77625,2.53,8.6,2.12,1.14,1.02,0.642,1.85,1.17,0.181,0.0772,0,ST 3X8.6
ST3X6.25,3.33,3,0.359,0.232,0.1795,0.359,2.308,0.7745,1.83,6.25,1.26,0.901,0.547,0.541,1.01,0.93,0.083,0.0197,0,ST 3X6.25
ST2.5X5,3,2.5,0.326,0.214,0.163,0.326,1.93,0.6965,1.46,5,0.671,0.597,0.348,0.398,0.65,0.686,0.0568,0.01,0,ST 2.5X5
ST2X4.75,2.8,2,0.293,0.326,0.1465,0.293,1.447,0.6185,1.4,4.75,0.462,0.444,0.319,0.317,0.592,0.565,0.059,0.00995,0,ST 2X4.75
ST2X3.85,2.66,2,0.293,0.193,0.1465,0.293,1.552,0.61675,1.13,3.85,0.307,0.374,0.198,0.281,0.381,0.485,0.0364,0.00457,0,ST 2X3.85
ST1.5X3.75,2.51,1.5,0.26,0.349,0.13,0.26,1.068,0.54025,1.1,3.75,0.2,0.289,0.187,0.23,0.351,0.411,0.0432,0.00496,0,ST 1.5X3.75
ST1.5X2.85,2.33,1.5,0.26,0.17,0.13,0.26,1.171,0.54,0.83,2.85,0.114,0.223,0.097,0.192,0.196,0.328,0.0216,0.00189,0,ST 1.5X2.85
