,Diameter##SECTION_PROPERTY##INCHES,Perimeter##Surface_Area##Square_feet_per_foot,Section Area##SECTION_AREA##SQUARE_INCHES,Moment of Inertia strong axis##MOMENT_OF_INERTIA##INCHES_TO_THE_FOURTH_POWER,Moment of Inertia weak axis##MOMENT_OF_INERTIA##INCHES_TO_THE_FOURTH_POWER,Elastic Modulus strong axis##SECTION_MODULUS##CUBIC_INCHES,Elastic Modulus weak axis##SECTION_MODULUS##CUBIC_INCHES,Plastic Modulus strong axis##SECTION_MODULUS##CUBIC_INCHES,Plastic Modulus weak axis##SECTION_MODULUS##CUBIC_INCHES,Section Name Key##other##
RB 1,1,3.14,0.785,0.049,0.049,0.098,0.098,0.167,0.167,RB 1
RB 1 1/16,1.0625,3.336,0.886,0.063,0.063,0.118,0.118,0.2,0.2,RB 1 1/16
RB 1 1/2,1.5,4.71,1.766,0.249,0.249,0.331,0.331,0.563,0.563,RB 1 1/2
RB 1 1/4,1.25,3.925,1.227,0.12,0.12,0.192,0.192,0.326,0.326,RB 1 1/4
RB 1 1/8,1.125,3.533,0.994,0.079,0.079,0.14,0.14,0.237,0.237,RB 1 1/8
RB 1 11/16,1.6875,5.299,2.235,0.398,0.398,0.472,0.472,0.801,0.801,RB 1 11/16
RB 1 13/16,1.8125,5.691,2.579,0.53,0.53,0.585,0.585,0.992,0.992,RB 1 13/16
RB 1 15/16,1.9375,6.084,2.947,0.692,0.692,0.714,0.714,1.212,1.212,RB 1 15/16
RB 1 3/16,1.1875,3.729,1.107,0.098,0.098,0.164,0.164,0.279,0.279,RB 1 3/16
RB 1 3/4,1.75,5.495,2.404,0.46,0.46,0.526,0.526,0.893,0.893,RB 1 3/4
RB 1 3/8,1.375,4.318,1.484,0.175,0.175,0.255,0.255,0.433,0.433,RB 1 3/8
RB 1 5/16,1.3125,4.121,1.352,0.146,0.146,0.222,0.222,0.377,0.377,RB 1 5/16
RB 1 5/8,1.625,5.103,2.073,0.342,0.342,0.421,0.421,0.715,0.715,RB 1 5/8
RB 1 7/16,1.4375,4.514,1.622,0.21,0.21,0.292,0.292,0.495,0.495,RB 1 7/16
RB 1 7/8,1.875,5.888,2.76,0.607,0.607,0.647,0.647,1.099,1.099,RB 1 7/8
RB 1 9/16,1.5625,4.906,1.917,0.293,0.293,0.375,0.375,0.636,0.636,RB 1 9/16
RB 1/16,0.625,1.963,0.307,0,0,0,0,0,0,RB 1/16
RB 1/2,0.5,1.57,0.196,0.003,0.003,0.012,0.012,0.021,0.021,RB 1/2
RB 1/4,0.25,0.785,0.049,0,0,0.002,0.002,0.003,0.003,RB 1/4
RB 1/8,0.125,0.393,0.012,0,0,0,0,0,0,RB 1/8
RB 10,10,31.4,78.5,490.874,490.874,98.175,98.175,166.667,166.667,RB 10
RB 10 1/16,10.0625,31.596,79.484,503.261,503.261,100.027,100.027,169.811,169.811,RB 10 1/16
RB 10 1/2,10.5,32.97,86.546,596.66,596.66,113.65,113.65,192.937,192.937,RB 10 1/2
RB 10 1/4,10.25,32.185,82.474,541.833,541.833,105.724,105.724,179.482,179.482,RB 10 1/4
RB 10 1/8,10.125,31.793,80.475,515.882,515.882,101.903,101.903,172.995,172.995,RB 10 1/8
RB 10 11/16,10.6875,33.559,89.665,640.434,640.434,119.847,119.847,203.459,203.459,RB 10 11/16
RB 10 13/16,10.8125,33.951,91.774,670.926,670.926,124.102,124.102,210.682,210.682,RB 10 13/16
RB 10 15/16,10.9375,34.344,93.909,702.493,702.493,128.456,128.456,218.074,218.074,RB 10 15/16
RB 10 3/16,10.1875,31.989,81.471,528.738,528.738,103.801,103.801,176.219,176.219,RB 10 3/16
RB 10 3/4,10.75,33.755,90.717,655.547,655.547,121.962,121.962,207.049,207.049,RB 10 3/4
RB 10 3/8,10.375,32.578,84.498,568.751,568.751,109.639,109.639,186.129,186.129,RB 10 3/8
RB 10 5/16,10.3125,32.381,83.483,555.17,555.17,107.669,107.669,182.785,182.785,RB 10 5/16
RB 10 5/8,10.625,33.363,88.619,625.584,625.584,117.757,117.757,199.91,199.91,RB 10 5/8
RB 10 7/16,10.4375,32.774,85.519,582.58,582.58,111.632,111.632,189.513,189.513,RB 10 7/16
RB 10 7/8,10.875,34.148,92.839,686.573,686.573,126.266,126.266,214.356,214.356,RB 10 7/8
RB 10 9/16,10.5625,33.166,87.58,610.994,610.994,115.691,115.691,196.403,196.403,RB 10 9/16
RB 11,11,34.54,94.985,718.688,718.688,130.671,130.671,221.833,221.833,RB 11
RB 11 1/16,11.0625,34.736,96.067,735.162,735.162,132.911,132.911,225.636,225.636,RB 11 1/16
RB 11 1/2,11.5,36.11,103.816,858.541,858.541,149.312,149.312,253.479,253.479,RB 11 1/2
RB 11 1/4,11.25,35.325,99.352,786.285,786.285,139.784,139.784,237.305,237.305,RB 11 1/4
RB 11 1/8,11.125,34.933,97.156,751.917,751.917,135.176,135.176,229.482,229.482,RB 11 1/8
RB 11 11/16,11.6875,36.699,107.229,915.918,915.918,156.735,156.735,266.081,266.081,RB 11 11/16
RB 11 13/16,11.8125,37.091,109.535,955.734,955.734,161.817,161.817,274.71,274.71,RB 11 13/16
RB 11 15/16,11.9375,37.484,111.866,996.835,996.835,167.009,167.009,283.523,283.523,RB 11 15/16
RB 11 3/16,11.1875,35.129,98.251,768.957,768.957,137.467,137.467,233.372,233.372,RB 11 3/16
RB 11 3/4,11.75,36.895,108.379,935.667,935.667,159.263,159.263,270.372,270.372,RB 11 3/4
RB 11 3/8,11.375,35.718,101.572,821.818,821.818,144.495,144.495,245.303,245.303,RB 11 3/8
RB 11 5/16,11.3125,35.521,100.459,803.904,803.904,142.127,142.127,241.282,241.282,RB 11 5/16
RB 11 5/8,11.625,36.503,106.085,896.482,896.482,154.234,154.234,261.835,261.835,RB 11 5/8
RB 11 7/16,11.4375,35.914,102.691,840.029,840.029,146.89,146.89,249.369,249.369,RB 11 7/16
RB 11 7/8,11.875,37.288,110.697,976.123,976.123,164.4,164.4,279.093,279.093,RB 11 7/8
RB 11 9/16,11.5625,36.306,104.948,877.358,877.358,151.759,151.759,257.634,257.634,RB 11 9/16
RB 11/16,0.6875,2.159,0.371,0.011,0.011,0.032,0.032,0.054,0.054,RB 11/16
RB 12,12,37.68,113.04,1017.876,1017.876,169.646,169.646,288,288,RB 12
RB 13/16,0.8125,2.551,0.518,0.021,0.021,0.053,0.053,0.089,0.089,RB 13/16
RB 15/16,0.9375,2.944,0.69,0.038,0.038,0.081,0.081,0.137,0.137,RB 15/16
RB 2,2,6.28,3.14,0.785,0.785,0.785,0.785,1.333,1.333,RB 2
RB 2 1/16,2.0625,6.476,3.339,0.888,0.888,0.861,0.861,1.462,1.462,RB 2 1/16
RB 2 1/2,2.5,7.85,4.906,1.917,1.917,1.534,1.534,2.604,2.604,RB 2 1/2
RB 2 1/4,2.25,7.065,3.974,1.258,1.258,1.118,1.118,1.898,1.898,RB 2 1/4
RB 2 1/8,2.125,6.673,3.545,1.001,1.001,0.942,0.942,1.599,1.599,RB 2 1/8
RB 2 11/16,2.6875,8.439,5.67,2.561,2.561,1.906,1.906,3.235,3.235,RB 2 11/16
RB 2 13/16,2.8125,8.831,6.209,3.071,3.071,2.184,2.184,3.708,3.708,RB 2 13/16
RB 2 15/16,2.9375,9.224,6.774,3.655,3.655,2.488,2.488,4.225,4.225,RB 2 15/16
RB 2 3/16,2.1875,6.869,3.756,1.124,1.124,1.028,1.028,1.745,1.745,RB 2 3/16
RB 2 3/4,2.75,8.635,5.937,2.807,2.807,2.042,2.042,3.466,3.466,RB 2 3/4
RB 2 3/8,2.375,7.458,4.428,1.562,1.562,1.315,1.315,2.233,2.233,RB 2 3/8
RB 2 5/16,2.3125,7.261,4.198,1.404,1.404,1.214,1.214,2.061,2.061,RB 2 5/16
RB 2 5/8,2.625,8.243,5.409,2.331,2.331,1.776,1.776,3.015,3.015,RB 2 5/8
RB 2 7/16,2.4375,7.654,4.664,1.733,1.733,1.422,1.422,2.414,2.414,RB 2 7/16
RB 2 7/8,2.875,9.028,6.489,3.354,3.354,2.333,2.333,3.961,3.961,RB 2 7/8
RB 2 9/16,2.5625,8.046,5.155,2.117,2.117,1.652,1.652,2.804,2.804,RB 2 9/16
RB 3,3,9.42,7.065,3.976,3.976,2.651,2.651,4.5,4.5,RB 3
RB 3 1/16,3.0625,9.616,7.362,4.318,4.318,2.82,2.82,4.787,4.787,RB 3 1/16
RB 3 1/2,3.5,10.99,9.616,7.366,7.366,4.209,4.209,7.146,7.146,RB 3 1/2
RB 3 1/4,3.25,10.205,8.292,5.477,5.477,3.37,3.37,5.721,5.721,RB 3 1/4
RB 3 1/8,3.125,9.813,7.666,4.681,4.681,2.996,2.996,5.086,5.086,RB 3 1/8
RB 3 11/16,3.6875,11.579,10.674,9.076,9.076,4.923,4.923,8.357,8.357,RB 3 11/16
RB 3 13/16,3.8125,11.971,11.41,10.371,10.371,5.44,5.44,9.236,9.236,RB 3 13/16
RB 3 15/16,3.9375,12.364,12.171,11.799,11.799,5.993,5.993,10.174,10.174,RB 3 15/16
RB 3 3/16,3.1875,10.009,7.976,5.067,5.067,3.179,3.179,5.398,5.398,RB 3 3/16
RB 3 3/4,3.75,11.775,11.039,9.707,9.707,5.177,5.177,8.789,8.789,RB 3 3/4
RB 3 3/8,3.375,10.598,8.942,6.369,6.369,3.774,3.774,6.407,6.407,RB 3 3/8
RB 3 5/16,3.3125,10.401,8.614,5.91,5.91,3.568,3.568,6.058,6.058,RB 3 5/16
RB 3 5/8,3.625,11.383,10.315,8.476,8.476,4.677,4.677,7.939,7.939,RB 3 5/8
RB 3 7/16,3.4375,10.794,9.276,6.854,6.854,3.988,3.988,6.77,6.77,RB 3 7/16
RB 3 7/8,3.875,12.168,11.787,11.068,11.068,5.712,5.712,9.698,9.698,RB 3 7/8
RB 3 9/16,3.5625,11.186,9.963,7.907,7.907,4.439,4.439,7.536,7.536,RB 3 9/16
RB 3/16,0.1875,0.589,0.028,0,0,0.001,0.001,0.001,0.001,RB 3/16
RB 3/4,0.75,2.355,0.442,0.016,0.016,0.041,0.041,0.07,0.07,RB 3/4
RB 3/8,0.375,1.178,0.11,0.001,0.001,0.005,0.005,0.009,0.009,RB 3/8
RB 4,4,12.56,12.56,12.566,12.566,6.283,6.283,10.667,10.667,RB 4
RB 4 1/16,4.0625,12.756,12.956,13.37,13.37,6.582,6.582,11.175,11.175,RB 4 1/16
RB 4 1/2,4.5,14.13,15.896,20.129,20.129,8.946,8.946,15.188,15.188,RB 4 1/2
RB 4 1/4,4.25,13.345,14.179,16.015,16.015,7.536,7.536,12.794,12.794,RB 4 1/4
RB 4 1/8,4.125,12.953,13.357,14.212,14.212,6.891,6.891,11.698,11.698,RB 4 1/8
RB 4 11/16,4.6875,14.719,17.249,23.699,23.699,10.112,10.112,17.166,17.166,RB 4 11/16
RB 4 13/16,4.8125,15.111,18.181,26.33,26.33,10.942,10.942,18.576,18.576,RB 4 13/16
RB 4 15/16,4.9375,15.504,19.137,29.174,29.174,11.817,11.817,20.062,20.062,RB 4 15/16
RB 4 3/16,4.1875,13.149,13.765,15.093,15.093,7.209,7.209,12.238,12.238,RB 4 3/16
RB 4 3/4,4.75,14.915,17.712,24.989,24.989,10.522,10.522,17.862,17.862,RB 4 3/4
RB 4 3/8,4.375,13.738,15.025,17.984,17.984,8.221,8.221,13.957,13.957,RB 4 3/8
RB 4 5/16,4.3125,13.541,14.599,16.978,16.978,7.874,7.874,13.367,13.367,RB 4 5/16
RB 4 5/8,4.625,14.523,16.792,22.46,22.46,9.713,9.713,16.489,16.489,RB 4 5/8
RB 4 7/16,4.4375,13.934,15.458,19.034,19.034,8.579,8.579,14.563,14.563,RB 4 7/16
RB 4 7/8,4.875,15.308,18.656,27.725,27.725,11.374,11.374,19.31,19.31,RB 4 7/8
RB 4 9/16,4.5625,14.326,16.341,21.271,21.271,9.324,9.324,15.829,15.829,RB 4 9/16
RB 5,5,15.7,19.625,30.68,30.68,12.272,12.272,20.833,20.833,RB 5
RB 5 1/16,5.0625,15.896,20.119,32.243,32.243,12.738,12.738,21.624,21.624,RB 5 1/16
RB 5 1/2,5.5,17.27,23.746,44.918,44.918,16.334,16.334,27.729,27.729,RB 5 1/2
RB 5 1/4,5.25,16.485,21.637,37.291,37.291,14.206,14.206,24.117,24.117,RB 5 1/4
RB 5 1/8,5.125,16.093,20.619,33.865,33.865,13.215,13.215,22.435,22.435,RB 5 1/8
RB 5 11/16,5.6875,17.859,25.393,51.364,51.364,18.062,18.062,30.663,30.663,RB 5 11/16
RB 5 13/16,5.8125,18.251,26.521,56.03,56.03,19.279,19.279,32.729,32.729,RB 5 13/16
RB 5 15/16,5.9375,18.644,27.674,61.008,61.008,20.55,20.55,34.887,34.887,RB 5 15/16
RB 5 3/16,5.1875,16.289,21.124,35.547,35.547,13.705,13.705,23.266,23.266,RB 5 3/16
RB 5 3/4,5.75,18.055,25.954,53.659,53.659,18.664,18.664,31.685,31.685,RB 5 3/4
RB 5 3/8,5.375,16.878,22.679,40.972,40.972,15.245,15.245,25.881,25.881,RB 5 3/8
RB 5 5/16,5.3125,16.681,22.155,39.099,39.099,14.72,14.72,24.989,24.989,RB 5 5/16
RB 5 5/8,5.625,17.663,24.838,49.143,49.143,17.473,17.473,29.663,29.663,RB 5 5/8
RB 5 7/16,5.4375,17.074,23.21,42.911,42.911,15.783,15.783,26.795,26.795,RB 5 7/16
RB 5 7/8,5.875,18.448,27.095,58.479,58.479,19.908,19.908,33.797,33.797,RB 5 7/8
RB 5 9/16,5.5625,17.466,24.289,46.995,46.995,16.897,16.897,28.685,28.685,RB 5 9/16
RB 5/16,0.3125,0.981,0.077,0,0,0.003,0.003,0.005,0.005,RB 5/16
RB 5/8,0.625,1.963,0.307,0.007,0.007,0.024,0.024,0.041,0.041,RB 5/8
RB 6,6,18.84,28.26,63.617,63.617,21.206,21.206,36,36,RB 6
RB 6 1/16,6.0625,19.036,28.852,66.31,66.31,21.875,21.875,37.137,37.137,RB 6 1/16
RB 6 1/2,6.5,20.41,33.166,87.624,87.624,26.961,26.961,45.771,45.771,RB 6 1/2
RB 6 1/4,6.25,19.625,30.664,74.901,74.901,23.968,23.968,40.69,40.69,RB 6 1/4
RB 6 1/8,6.125,19.233,29.45,69.087,69.087,22.559,22.559,38.297,38.297,RB 6 1/8
RB 6 11/16,6.6875,20.999,35.107,98.18,98.18,29.362,29.362,49.847,49.847,RB 6 11/16
RB 6 13/16,6.8125,21.391,36.432,105.729,105.729,31.04,31.04,52.695,52.695,RB 6 13/16
RB 6 15/16,6.9375,21.784,37.781,113.706,113.706,32.78,32.78,55.649,55.649,RB 6 15/16
RB 6 3/16,6.1875,19.429,30.054,71.95,71.95,23.257,23.257,39.482,39.482,RB 6 3/16
RB 6 3/4,6.75,21.195,35.767,101.903,101.903,30.193,30.193,51.258,51.258,RB 6 3/4
RB 6 3/8,6.375,20.018,31.903,81.076,81.076,25.435,25.435,43.181,43.181,RB 6 3/8
RB 6 5/16,6.3125,19.821,31.28,77.943,77.943,24.695,24.695,41.923,41.923,RB 6 5/16
RB 6 5/8,6.625,20.803,34.454,94.561,94.561,28.547,28.547,48.463,48.463,RB 6 5/8
RB 6 7/16,6.4375,20.214,32.532,84.302,84.302,26.191,26.191,44.463,44.463,RB 6 7/16
RB 6 7/8,6.875,21.588,37.104,109.663,109.663,31.902,31.902,54.159,54.159,RB 6 7/8
RB 6 9/16,6.5625,20.606,33.807,91.043,91.043,27.746,27.746,47.104,47.104,RB 6 9/16
RB 7,7,21.98,38.465,117.859,117.859,33.674,33.674,57.167,57.167,RB 7
RB 7 1/16,7.0625,22.176,39.155,122.125,122.125,34.584,34.584,58.712,58.712,RB 7 1/16
RB 7 1/2,7.5,23.55,44.156,155.316,155.316,41.417,41.417,70.312,70.312,RB 7 1/2
RB 7 1/4,7.25,22.765,41.262,135.619,135.619,37.412,37.412,63.513,63.513,RB 7 1/4
RB 7 1/8,7.125,22.373,39.851,126.505,126.505,35.51,35.51,60.284,60.284,RB 7 1/8
RB 7 11/16,7.6875,24.139,46.392,171.439,171.439,44.602,44.602,75.719,75.719,RB 7 11/16
RB 7 13/16,7.8125,24.531,47.913,182.865,182.865,46.813,46.813,79.473,79.473,RB 7 13/16
RB 7 15/16,7.9375,24.924,49.458,194.852,194.852,49.097,49.097,83.349,83.349,RB 7 15/16
RB 7 3/16,7.1875,22.569,40.553,131.003,131.003,36.453,36.453,61.885,61.885,RB 7 3/16
RB 7 3/4,7.75,24.335,47.149,177.083,177.083,45.699,45.699,77.581,77.581,RB 7 3/4
RB 7 3/8,7.375,23.158,42.697,145.217,145.217,39.381,39.381,66.855,66.855,RB 7 3/8
RB 7 5/16,7.3125,22.961,41.976,140.357,140.357,38.388,38.388,65.17,65.17,RB 7 5/16
RB 7 5/8,7.625,23.943,45.64,165.932,165.932,43.523,43.523,73.887,73.887,RB 7 5/8
RB 7 7/16,7.4375,23.354,43.423,150.203,150.203,40.391,40.391,68.569,68.569,RB 7 7/16
RB 7 7/8,7.875,24.728,48.682,188.787,188.787,47.946,47.946,81.395,81.395,RB 7 7/8
RB 7 9/16,7.5625,23.746,44.895,160.558,160.558,42.462,42.462,72.085,72.085,RB 7 9/16
RB 7/16,0.4375,1.374,0.15,0.002,0.002,0.008,0.008,0.014,0.014,RB 7/16
RB 7/8,0.875,2.748,0.601,0.029,0.029,0.066,0.066,0.112,0.112,RB 7/8
RB 8,8,25.12,50.24,201.062,201.062,50.266,50.266,85.333,85.333,RB 8
RB 8 1/16,8.0625,25.316,51.028,207.419,207.419,51.453,51.453,87.349,87.349,RB 8 1/16
RB 8 1/2,8.5,26.69,56.716,256.239,256.239,60.292,60.292,102.354,102.354,RB 8 1/2
RB 8 1/4,8.25,25.905,53.429,227.398,227.398,55.127,55.127,93.586,93.586,RB 8 1/4
RB 8 1/8,8.125,25.513,51.822,213.926,213.926,52.659,52.659,89.396,89.396,RB 8 1/8
RB 8 11/16,8.6875,27.279,59.246,279.608,279.608,64.37,64.37,109.278,109.278,RB 8 11/16
RB 8 13/16,8.8125,27.671,60.963,296.051,296.051,67.189,67.189,114.063,114.063,RB 8 13/16
RB 8 15/16,8.9375,28.064,62.705,313.209,313.209,70.089,70.089,118.986,118.986,RB 8 15/16
RB 8 3/16,8.1875,25.709,52.623,220.585,220.585,53.883,53.883,91.475,91.475,RB 8 3/16
RB 8 3/4,8.75,27.475,60.102,287.741,287.741,65.769,65.769,111.654,111.654,RB 8 3/4
RB 8 3/8,8.375,26.298,55.06,241.496,241.496,57.671,57.671,97.905,97.905,RB 8 3/8
RB 8 5/16,8.3125,26.101,54.242,234.367,234.367,56.389,56.389,95.729,95.729,RB 8 5/16
RB 8 5/8,8.625,27.083,58.397,271.648,271.648,62.991,62.991,106.937,106.937,RB 8 5/8
RB 8 7/16,8.4375,26.494,55.885,248.785,248.785,58.971,58.971,100.113,100.113,RB 8 7/16
RB 8 7/8,8.875,27.868,61.831,304.539,304.539,68.629,68.629,116.508,116.508,RB 8 7/8
RB 8 9/16,8.5625,26.886,57.553,263.859,263.859,61.631,61.631,104.629,104.629,RB 8 9/16
RB 9,9,28.26,63.585,322.062,322.062,71.569,71.569,121.5,121.5,RB 9
RB 9 1/16,9.0625,28.456,64.471,331.102,331.102,73.071,73.071,124.049,124.049,RB 9 1/16
RB 9 1/2,9.5,29.83,70.846,399.82,399.82,84.173,84.173,142.896,142.896,RB 9 1/2
RB 9 1/4,9.25,29.045,67.167,359.366,359.366,77.701,77.701,131.909,131.909,RB 9 1/4
RB 9 1/8,9.125,28.653,65.364,340.331,340.331,74.593,74.593,126.633,126.633,RB 9 1/8
RB 9 11/16,9.6875,30.419,73.67,432.331,432.331,89.256,89.256,151.525,151.525,RB 9 11/16
RB 9 13/16,9.8125,30.811,75.584,455.081,455.081,92.755,92.755,157.466,157.466,RB 9 13/16
RB 9 15/16,9.9375,31.204,77.522,478.717,478.717,96.345,96.345,163.561,163.561,RB 9 15/16
RB 9 3/16,9.1875,28.849,66.262,349.751,349.751,76.136,76.136,129.253,129.253,RB 9 3/16
RB 9 3/4,9.75,30.615,74.624,443.597,443.597,90.994,90.994,154.477,154.477,RB 9 3/4
RB 9 3/8,9.375,29.438,68.994,379.188,379.188,80.894,80.894,137.329,137.329,RB 9 3/8
RB 9 5/16,9.3125,29.241,68.077,369.177,369.177,79.286,79.286,134.601,134.601,RB 9 5/16
RB 9 5/8,9.625,30.223,72.723,421.282,421.282,87.539,87.539,148.611,148.611,RB 9 5/8
RB 9 7/16,9.4375,29.634,69.917,389.402,389.402,82.522,82.522,140.094,140.094,RB 9 7/16
RB 9 7/8,9.875,31.008,76.55,466.787,466.787,94.539,94.539,160.494,160.494,RB 9 7/8
RB 9 9/16,9.5625,30.026,71.782,410.446,410.446,85.845,85.845,145.735,145.735,RB 9 9/16
RB 9/16,0.5625,1.766,0.248,0.005,0.005,0.017,0.017,0.03,0.03,RB 9/16
