,Height##SECTION_PROPERTY##INCHES,Width##SECTION_PROPERTY##INCHES,Perimeter##Surface_Area##Square_feet_per_foot,Section Area##SECTION_AREA##SQUARE_INCHES,Moment of Inertia strong axis##MOMENT_OF_INERTIA##INCHES_TO_THE_FOURTH_POWER,Moment of Inertia weak axis##MOMENT_OF_INERTIA##INCHES_TO_THE_FOURTH_POWER,Elastic Modulus strong axis##SECTION_MODULUS##CUBIC_INCHES,Elastic Modulus weak axis##SECTION_MODULUS##CUBIC_INCHES,Plastic Modulus strong axis##SECTION_MODULUS##CUBIC_INCHES,Plastic Modulus weak axis##SECTION_MODULUS##CUBIC_INCHES,Section Name Key##other##
RV 1,1,1,4,1,0.083,0.083,0.167,0.167,0.25,0.25,RV 1
RV 1 1/16,1.0625,1.0625,4.25,1.129,0.106,0.106,0.2,0.2,0.3,0.3,RV 1 1/16
RV 1 1/2,1.5,1.5,6,2.25,0.422,0.422,0.563,0.563,0.844,0.844,RV 1 1/2
RV 1 1/4,1.25,1.25,5,1.563,0.203,0.203,0.326,0.326,0.488,0.488,RV 1 1/4
RV 1 1/8,1.125,1.125,4.5,1.266,0.133,0.133,0.237,0.237,0.356,0.356,RV 1 1/8
RV 1 11/16,1.6875,1.6875,6.75,2.848,0.676,0.676,0.801,0.801,1.201,1.201,RV 1 11/16
RV 1 13/16,1.8125,1.8125,7.25,3.285,0.899,0.899,0.992,0.992,1.489,1.489,RV 1 13/16
RV 1 15/16,1.9375,1.9375,7.75,3.754,1.174,1.174,1.212,1.212,1.818,1.818,RV 1 15/16
RV 1 3/16,1.1875,1.1875,4.75,1.41,0.166,0.166,0.279,0.279,0.419,0.419,RV 1 3/16
RV 1 3/4,1.75,1.75,7,3.063,0.782,0.782,0.893,0.893,1.34,1.34,RV 1 3/4
RV 1 3/8,1.375,1.375,5.5,1.891,0.298,0.298,0.433,0.433,0.65,0.65,RV 1 3/8
RV 1 5/16,1.3125,1.3125,5.25,1.723,0.247,0.247,0.377,0.377,0.565,0.565,RV 1 5/16
RV 1 5/8,1.625,1.625,6.5,2.641,0.581,0.581,0.715,0.715,1.073,1.073,RV 1 5/8
RV 1 7/16,1.4375,1.4375,5.75,2.066,0.356,0.356,0.495,0.495,0.743,0.743,RV 1 7/16
RV 1 7/8,1.875,1.875,7.5,3.516,1.03,1.03,1.099,1.099,1.648,1.648,RV 1 7/8
RV 1 9/16,1.5625,1.5625,6.25,2.441,0.497,0.497,0.636,0.636,0.954,0.954,RV 1 9/16
RV 1/16,0.0625,0.0625,0.25,0.004,0,0,0,0,0,0,RV 1/16
RV 1/2,0.5,0.5,2,0.25,0.005,0.005,0.021,0.021,0.031,0.031,RV 1/2
RV 1/4,0.25,0.25,1,0.063,0,0,0.003,0.003,0.004,0.004,RV 1/4
RV 1/8,0.125,0.125,0.5,0.016,0,0,0,0,0,0,RV 1/8
RV 10,10,10,40,100,833.333,833.333,166.667,166.667,250,250,RV 10
RV 10 1/16,10.0625,10.0625,40.25,101.254,854.363,854.363,169.811,169.811,254.717,254.717,RV 10 1/16
RV 10 1/2,10.5,10.5,42,110.25,1012.922,1012.922,192.937,192.937,289.406,289.406,RV 10 1/2
RV 10 1/4,10.25,10.25,41,105.063,919.844,919.844,179.482,179.482,269.223,269.223,RV 10 1/4
RV 10 1/8,10.125,10.125,40.5,102.516,875.788,875.788,172.995,172.995,259.493,259.493,RV 10 1/8
RV 10 11/16,10.6875,10.6875,42.75,114.223,1087.235,1087.235,203.459,203.459,305.189,305.189,RV 10 11/16
RV 10 13/16,10.8125,10.8125,43.25,116.91,1138.999,1138.999,210.682,210.682,316.023,316.023,RV 10 13/16
RV 10 15/16,10.9375,10.9375,43.75,119.629,1192.59,1192.59,218.074,218.074,327.11,327.11,RV 10 15/16
RV 10 3/16,10.1875,10.1875,40.75,103.785,897.613,897.613,176.219,176.219,264.328,264.328,RV 10 3/16
RV 10 3/4,10.75,10.75,43,115.563,1112.891,1112.891,207.049,207.049,310.574,310.574,RV 10 3/4
RV 10 3/8,10.375,10.375,41.5,107.641,965.542,965.542,186.129,186.129,279.193,279.193,RV 10 3/8
RV 10 5/16,10.3125,10.3125,41.25,106.348,942.485,942.485,182.785,182.785,274.178,274.178,RV 10 5/16
RV 10 5/8,10.625,10.625,42.5,112.891,1062.024,1062.024,199.91,199.91,299.866,299.866,RV 10 5/8
RV 10 7/16,10.4375,10.4375,41.75,108.941,989.019,989.019,189.513,189.513,284.269,284.269,RV 10 7/16
RV 10 7/8,10.875,10.875,43.5,118.266,1165.563,1165.563,214.356,214.356,321.535,321.535,RV 10 7/8
RV 10 9/16,10.5625,10.5625,42.25,111.566,1037.255,1037.255,196.403,196.403,294.605,294.605,RV 10 9/16
RV 11,11,11,44,121,1220.083,1220.083,221.833,221.833,332.75,332.75,RV 11
RV 11 1/16,11.0625,11.0625,44.25,122.379,1248.05,1248.05,225.636,225.636,338.454,338.454,RV 11 1/16
RV 11 1/2,11.5,11.5,46,132.25,1457.505,1457.505,253.479,253.479,380.219,380.219,RV 11 1/2
RV 11 1/4,11.25,11.25,45,126.563,1334.839,1334.839,237.305,237.305,355.957,355.957,RV 11 1/4
RV 11 1/8,11.125,11.125,44.5,123.766,1276.494,1276.494,229.482,229.482,344.223,344.223,RV 11 1/8
RV 11 11/16,11.6875,11.6875,46.75,136.598,1554.91,1554.91,266.081,266.081,399.121,399.121,RV 11 11/16
RV 11 13/16,11.8125,11.8125,47.25,139.535,1622.505,1622.505,274.71,274.71,412.065,412.065,RV 11 13/16
RV 11 15/16,11.9375,11.9375,47.75,142.504,1692.28,1692.28,283.523,283.523,425.285,425.285,RV 11 15/16
RV 11 3/16,11.1875,11.1875,44.75,125.16,1305.422,1305.422,233.372,233.372,350.057,350.057,RV 11 3/16
RV 11 3/4,11.75,11.75,47,138.063,1588.438,1588.438,270.372,270.372,405.559,405.559,RV 11 3/4
RV 11 3/8,11.375,11.375,45.5,129.391,1395.161,1395.161,245.303,245.303,367.955,367.955,RV 11 3/8
RV 11 5/16,11.3125,11.3125,45.25,127.973,1364.75,1364.75,241.282,241.282,361.923,361.923,RV 11 5/16
RV 11 5/8,11.625,11.625,46.5,135.141,1521.916,1521.916,261.835,261.835,392.752,392.752,RV 11 5/8
RV 11 7/16,11.4375,11.4375,45.75,130.816,1426.078,1426.078,249.369,249.369,374.053,374.053,RV 11 7/16
RV 11 7/8,11.875,11.875,47.5,141.016,1657.117,1657.117,279.093,279.093,418.64,418.64,RV 11 7/8
RV 11 9/16,11.5625,11.5625,46.25,133.691,1489.449,1489.449,257.634,257.634,386.452,386.452,RV 11 9/16
RV 11/16,0.6875,0.6875,2.75,0.473,0.019,0.019,0.054,0.054,0.081,0.081,RV 11/16
RV 12,12,12,48,144,1728,1728,288,288,432,432,RV 12
RV 13/16,0.8125,0.8125,3.25,0.66,0.036,0.036,0.089,0.089,0.134,0.134,RV 13/16
RV 15/16,0.9375,0.9375,3.75,0.879,0.064,0.064,0.137,0.137,0.206,0.206,RV 15/16
RV 2,2,2,8,4,1.333,1.333,1.333,1.333,2,2,RV 2
RV 2 1/16,2.0625,2.0625,8.25,4.254,1.508,1.508,1.462,1.462,2.193,2.193,RV 2 1/16
RV 2 1/2,2.5,2.5,10,6.25,3.255,3.255,2.604,2.604,3.906,3.906,RV 2 1/2
RV 2 1/4,2.25,2.25,9,5.063,2.136,2.136,1.898,1.898,2.848,2.848,RV 2 1/4
RV 2 1/8,2.125,2.125,8.5,4.516,1.699,1.699,1.599,1.599,2.399,2.399,RV 2 1/8
RV 2 11/16,2.6875,2.6875,10.75,7.223,4.347,4.347,3.235,3.235,4.853,4.853,RV 2 11/16
RV 2 13/16,2.8125,2.8125,11.25,7.91,5.214,5.214,3.708,3.708,5.562,5.562,RV 2 13/16
RV 2 15/16,2.9375,2.9375,11.75,8.629,6.205,6.205,4.225,4.225,6.337,6.337,RV 2 15/16
RV 2 3/16,2.1875,2.1875,8.75,4.785,1.908,1.908,1.745,1.745,2.617,2.617,RV 2 3/16
RV 2 3/4,2.75,2.75,11,7.563,4.766,4.766,3.466,3.466,5.199,5.199,RV 2 3/4
RV 2 3/8,2.375,2.375,9.5,5.641,2.651,2.651,2.233,2.233,3.349,3.349,RV 2 3/8
RV 2 5/16,2.3125,2.3125,9.25,5.348,2.383,2.383,2.061,2.061,3.092,3.092,RV 2 5/16
RV 2 5/8,2.625,2.625,10.5,6.891,3.957,3.957,3.015,3.015,4.522,4.522,RV 2 5/8
RV 2 7/16,2.4375,2.4375,9.75,5.941,2.942,2.942,2.414,2.414,3.621,3.621,RV 2 7/16
RV 2 7/8,2.875,2.875,11.5,8.266,5.693,5.693,3.961,3.961,5.941,5.941,RV 2 7/8
RV 2 9/16,2.5625,2.5625,10.25,6.566,3.593,3.593,2.804,2.804,4.207,4.207,RV 2 9/16
RV 3,3,3,12,9,6.75,6.75,4.5,4.5,6.75,6.75,RV 3
RV 3 1/16,3.0625,3.0625,12.25,9.379,7.33,7.33,4.787,4.787,7.181,7.181,RV 3 1/16
RV 3 1/2,3.5,3.5,14,12.25,12.505,12.505,7.146,7.146,10.719,10.719,RV 3 1/2
RV 3 1/4,3.25,3.25,13,10.563,9.297,9.297,5.721,5.721,8.582,8.582,RV 3 1/4
RV 3 1/8,3.125,3.125,12.5,9.766,7.947,7.947,5.086,5.086,7.629,7.629,RV 3 1/8
RV 3 11/16,3.6875,3.6875,14.75,13.598,15.408,15.408,8.357,8.357,12.535,12.535,RV 3 11/16
RV 3 13/16,3.8125,3.8125,15.25,14.535,17.606,17.606,9.236,9.236,13.854,13.854,RV 3 13/16
RV 3 15/16,3.9375,3.9375,15.75,15.504,20.031,20.031,10.174,10.174,15.262,15.262,RV 3 15/16
RV 3 3/16,3.1875,3.1875,12.75,10.16,8.602,8.602,5.398,5.398,8.096,8.096,RV 3 3/16
RV 3 3/4,3.75,3.75,15,14.063,16.479,16.479,8.789,8.789,13.184,13.184,RV 3 3/4
RV 3 3/8,3.375,3.375,13.5,11.391,10.812,10.812,6.407,6.407,9.611,9.611,RV 3 3/8
RV 3 5/16,3.3125,3.3125,13.25,10.973,10.033,10.033,6.058,6.058,9.087,9.087,RV 3 5/16
RV 3 5/8,3.625,3.625,14.5,13.141,14.39,14.39,7.939,7.939,11.909,11.909,RV 3 5/8
RV 3 7/16,3.4375,3.4375,13.75,11.816,11.636,11.636,6.77,6.77,10.155,10.155,RV 3 7/16
RV 3 7/8,3.875,3.875,15.5,15.016,18.789,18.789,9.698,9.698,14.546,14.546,RV 3 7/8
RV 3 9/16,3.5625,3.5625,14.25,12.691,13.423,13.423,7.536,7.536,11.303,11.303,RV 3 9/16
RV 3/16,0.1875,0.1875,0.75,0.035,0,0,0.001,0.001,0.002,0.002,RV 3/16
RV 3/4,0.75,0.75,3,0.563,0.026,0.026,0.07,0.07,0.105,0.105,RV 3/4
RV 3/8,0.375,0.375,1.5,0.141,0.002,0.002,0.009,0.009,0.013,0.013,RV 3/8
RV 4,4,4,16,16,21.333,21.333,10.667,10.667,16,16,RV 4
RV 4 1/16,4.0625,4.0625,16.25,16.504,22.698,22.698,11.175,11.175,16.762,16.762,RV 4 1/16
RV 4 1/2,4.5,4.5,18,20.25,34.172,34.172,15.188,15.188,22.781,22.781,RV 4 1/2
RV 4 1/4,4.25,4.25,17,18.063,27.188,27.188,12.794,12.794,19.191,19.191,RV 4 1/4
RV 4 1/8,4.125,4.125,16.5,17.016,24.128,24.128,11.698,11.698,17.547,17.547,RV 4 1/8
RV 4 11/16,4.6875,4.6875,18.75,21.973,40.233,40.233,17.166,17.166,25.749,25.749,RV 4 11/16
RV 4 13/16,4.8125,4.8125,19.25,23.16,44.699,44.699,18.576,18.576,27.865,27.865,RV 4 13/16
RV 4 15/16,4.9375,4.9375,19.75,24.379,49.528,49.528,20.062,20.062,30.093,30.093,RV 4 15/16
RV 4 3/16,4.1875,4.1875,16.75,17.535,25.623,25.623,12.238,12.238,18.357,18.357,RV 4 3/16
RV 4 3/4,4.75,4.75,19,22.563,42.422,42.422,17.862,17.862,26.793,26.793,RV 4 3/4
RV 4 3/8,7.375,7.375,29.5,54.391,30.53,30.53,13.957,13.957,20.935,20.935,RV 4 3/8
RV 4 5/16,4.3125,4.3125,17.25,18.598,28.823,28.823,13.367,13.367,20.051,20.051,RV 4 5/16
RV 4 5/8,4.625,4.625,18.5,21.391,38.13,38.13,16.489,16.489,24.733,24.733,RV 4 5/8
RV 4 7/16,4.4375,4.4375,17.75,19.691,32.313,32.313,14.563,14.563,21.845,21.845,RV 4 7/16
RV 4 7/8,4.875,4.875,19.5,23.766,47.067,47.067,19.31,19.31,28.964,28.964,RV 4 7/8
RV 4 9/16,4.5625,4.5625,18.25,20.816,36.11,36.11,15.829,15.829,23.744,23.744,RV 4 9/16
RV 5,5,5,20,25,52.083,52.083,20.833,20.833,31.25,31.25,RV 5
RV 5 1/16,5.0625,5.0625,20.25,25.629,54.737,54.737,21.624,21.624,32.437,32.437,RV 5 1/16
RV 5 1/2,5.5,5.5,22,30.25,76.255,76.255,27.729,27.729,41.594,41.594,RV 5 1/2
RV 5 1/4,5.25,5.25,21,27.563,63.308,63.308,24.117,24.117,36.176,36.176,RV 5 1/4
RV 5 1/8,5.125,5.125,20.5,26.266,57.49,57.49,22.435,22.435,33.653,33.653,RV 5 1/8
RV 5 11/16,5.6875,5.6875,22.75,32.348,87.198,87.198,30.663,30.663,45.994,45.994,RV 5 11/16
RV 5 13/16,5.8125,5.8125,23.25,33.785,95.12,95.12,32.729,32.729,49.094,49.094,RV 5 13/16
RV 5 15/16,5.9375,5.9375,23.75,35.254,103.57,103.57,34.887,34.887,52.33,52.33,RV 5 15/16
RV 5 3/16,5.1875,5.1875,20.75,26.91,60.346,60.346,23.266,23.266,34.899,34.899,RV 5 3/16
RV 5 3/4,5.75,5.75,23,33.063,91.094,91.094,31.685,31.685,47.527,47.527,RV 5 3/4
RV 5 3/8,5.375,5.375,21.5,28.891,69.556,69.556,25.881,25.881,38.822,38.822,RV 5 3/8
RV 5 5/16,5.3125,5.3125,21.25,28.223,66.377,66.377,24.989,24.989,37.483,37.483,RV 5 5/16
RV 5 5/8,5.625,5.625,22.5,31.641,83.427,83.427,29.663,29.663,44.495,44.495,RV 5 5/8
RV 5 7/16,5.4375,5.4375,21.75,29.566,72.848,72.848,26.795,26.795,40.192,40.192,RV 5 7/16
RV 5 7/8,5.875,5.875,23.5,34.516,99.277,99.277,33.797,33.797,50.695,50.695,RV 5 7/8
RV 5 9/16,5.5625,5.5625,22.25,30.941,79.781,79.781,28.685,28.685,43.028,43.028,RV 5 9/16
RV 5/16,5.3125,5.3125,21.25,28.223,0.001,0.001,0.005,0.005,0.008,0.008,RV 5/16
RV 5/8,0.625,0.625,2.5,0.391,0.013,0.013,0.041,0.041,0.061,0.061,RV 5/8
RV 6,6,6,24,36,108,108,36,36,54,54,RV 6
RV 6 1/16,6.0625,6.0625,24.25,36.754,112.571,112.571,37.137,37.137,55.705,55.705,RV 6 1/16
RV 6 1/2,6.5,6.5,26,42.25,148.755,148.755,45.771,45.771,68.656,68.656,RV 6 1/2
RV 6 1/4,6.25,6.25,25,39.063,127.157,127.157,40.69,40.69,61.035,61.035,RV 6 1/4
RV 6 1/8,6.125,6.125,24.5,37.516,117.285,117.285,38.297,38.297,57.446,57.446,RV 6 1/8
RV 6 11/16,6.6875,6.6875,26.75,44.723,166.676,166.676,49.847,49.847,74.771,74.771,RV 6 11/16
RV 6 13/16,6.8125,6.8125,27.25,46.41,179.492,179.492,52.695,52.695,79.042,79.042,RV 6 13/16
RV 6 15/16,6.9375,6.9375,27.75,48.129,193.033,193.033,55.649,55.649,83.474,83.474,RV 6 15/16
RV 6 3/16,6.1875,6.1875,24.75,38.285,122.146,122.146,39.482,39.482,59.222,59.222,RV 6 3/16
RV 6 3/4,6.75,6.75,27,45.563,172.995,172.995,51.258,51.258,76.887,76.887,RV 6 3/4
RV 6 3/8,6.325,6.325,25.3,40.006,137.638,137.638,43.181,43.181,64.771,64.771,RV 6 3/8
RV 6 5/16,6.3125,6.3125,25.25,39.848,132.32,132.32,41.923,41.923,62.885,62.885,RV 6 5/16
RV 6 5/8,6.625,6.625,26.5,43.891,160.532,160.532,48.463,48.463,72.694,72.694,RV 6 5/8
RV 6 7/16,6.4375,6.4375,25.75,41.441,143.116,143.116,44.463,44.463,66.695,66.695,RV 6 7/16
RV 6 7/8,6.875,6.875,27.5,47.266,186.17,186.17,54.159,54.159,81.238,81.238,RV 6 7/8
RV 6 9/16,6.5625,6.5625,26.25,43.066,154.56,154.56,47.104,47.104,70.656,70.656,RV 6 9/16
RV 7,7,7,28,49,200.083,200.083,57.167,57.167,85.75,85.75,RV 7
RV 7 1/16,7.0625,7.0625,28.25,49.879,207.325,207.325,58.712,58.712,88.067,88.067,RV 7 1/16
RV 7 1/2,7.5,7.5,30,56.25,263.672,263.672,70.312,70.312,105.469,105.469,RV 7 1/2
RV 7 1/4,7.25,7.25,29,52.563,230.235,230.235,63.513,63.513,95.27,95.27,RV 7 1/4
RV 7 1/8,7.125,7.125,28.5,50.766,214.762,214.762,60.284,60.284,90.426,90.426,RV 7 1/8
RV 7 11/16,7.6875,7.6875,30.75,59.098,291.044,291.044,75.719,75.719,113.578,113.578,RV 7 11/16
RV 7 13/16,7.8125,7.8125,31.25,61.035,310.441,310.441,79.473,79.473,119.209,119.209,RV 7 13/16
RV 7 15/16,7.9375,7.9375,31.75,63.004,330.791,330.791,83.349,83.349,125.023,125.023,RV 7 15/16
RV 7 3/16,7.1875,7.1875,28.75,51.66,222.398,222.398,61.885,61.885,92.827,92.827,RV 7 3/16
RV 7 3/4,7.75,7.75,31,60.063,300.625,300.625,77.581,77.581,116.371,116.371,RV 7 3/4
RV 7 3/8,7.325,7.325,29.3,53.656,246.528,246.528,66.855,66.855,100.283,100.283,RV 7 3/8
RV 7 5/16,7.3125,7.3125,29.25,53.473,238.277,238.277,65.17,65.17,97.755,97.755,RV 7 5/16
RV 7 5/8,7.625,7.625,30.5,58.141,281.694,281.694,73.887,73.887,110.831,110.831,RV 7 5/8
RV 7 7/16,7.4375,7.4375,29.75,55.316,254.992,254.992,68.569,68.569,102.854,102.854,RV 7 7/16
RV 7 7/8,7.875,7.875,31.5,62.016,320.495,320.495,81.395,81.395,122.093,122.093,RV 7 7/8
RV 7 9/16,7.5625,7.5625,30.25,57.191,272.571,272.571,72.085,72.085,108.127,108.127,RV 7 9/16
RV 7/16,0.4375,0.4375,1.75,0.191,0.003,0.003,0.014,0.014,0.021,0.021,RV 7/16
RV 7/8,0.875,0.875,3.5,0.766,0.049,0.049,0.112,0.112,0.168,0.168,RV 7/8
RV 8,8,8,32,64,341.333,341.333,85.333,85.333,128,128,RV 8
RV 8 1/16,8.0625,8.0625,32.25,65.004,352.126,352.126,87.349,87.349,131.023,131.023,RV 8 1/16
RV 8 1/2,8.5,8.5,34,72.25,435.005,435.005,102.354,102.354,153.531,153.531,RV 8 1/2
RV 8 1/4,8.25,8.25,33,68.063,386.042,386.042,93.586,93.586,140.379,140.379,RV 8 1/4
RV 8 1/8,8.125,8.125,32.5,66.016,363.172,363.172,89.396,89.396,134.094,134.094,RV 8 1/8
RV 8 11/16,8.6875,8.6875,34.75,75.473,474.677,474.677,109.278,109.278,163.917,163.917,RV 8 11/16
RV 8 13/16,8.8125,8.8125,35.25,77.66,502.592,502.592,114.063,114.063,171.095,171.095,RV 8 13/16
RV 8 15/16,8.9375,8.9375,35.75,79.879,531.72,531.72,118.986,118.986,178.479,178.479,RV 8 15/16
RV 8 3/16,8.1875,8.1875,32.75,67.035,374.476,374.476,91.475,91.475,137.213,137.213,RV 8 3/16
RV 8 3/4,8.75,8.75,35,76.563,488.485,488.485,111.654,111.654,167.48,167.48,RV 8 3/4
RV 8 3/8,8.325,8.325,33.3,69.306,409.976,409.976,97.905,97.905,146.857,146.857,RV 8 3/8
RV 8 5/16,8.3125,8.3125,33.25,69.098,397.874,397.874,95.729,95.729,143.594,143.594,RV 8 5/16
RV 8 5/8,8.625,8.625,34.5,74.391,461.164,461.164,106.937,106.937,160.405,160.405,RV 8 5/8
RV 8 7/16,8.4375,8.4375,33.75,71.191,422.351,422.351,100.113,100.113,150.169,150.169,RV 8 7/16
RV 8 7/8,8.875,8.875,35.5,78.766,517.002,517.002,116.508,116.508,174.761,174.761,RV 8 7/8
RV 8 9/16,8.5625,8.5625,34.25,73.316,447.941,447.941,104.629,104.629,156.943,156.943,RV 8 9/16
RV 9,9,9,36,81,546.75,546.75,121.5,121.5,182.25,182.25,RV 9
RV 9 1/16,9.0625,9.0625,36.25,82.129,562.096,562.096,124.049,124.049,186.073,186.073,RV 9 1/16
RV 9 1/2,9.5,9.5,38,90.25,678.755,678.755,142.896,142.896,214.344,214.344,RV 9 1/2
RV 9 1/4,9.25,9.25,37,85.563,610.078,610.078,131.909,131.909,197.863,197.863,RV 9 1/4
RV 9 1/8,9.125,9.125,36.5,83.266,577.764,577.764,126.633,126.633,189.95,189.95,RV 9 1/8
RV 9 11/16,9.6875,9.6875,38.75,93.848,733.949,733.949,151.525,151.525,227.287,227.287,RV 9 11/16
RV 9 13/16,9.8125,9.8125,39.25,96.285,772.569,772.569,157.466,157.466,236.2,236.2,RV 9 13/16
RV 9 15/16,9.9375,9.9375,39.75,98.754,812.694,812.694,163.561,163.561,245.342,245.342,RV 9 15/16
RV 9 3/16,9.1875,9.1875,36.75,84.41,593.756,593.756,129.253,129.253,193.88,193.88,RV 9 3/16
RV 9 3/4,9.75,9.75,39,95.063,753.073,753.073,154.477,154.477,231.715,231.715,RV 9 3/4
RV 9 3/8,9.375,9.375,37.5,87.891,643.73,643.73,137.329,137.329,205.994,205.994,RV 9 3/8
RV 9 5/16,9.3125,9.3125,37.25,86.723,626.735,626.735,134.601,134.601,201.901,201.901,RV 9 5/16
RV 9 5/8,9.625,9.625,38.5,92.641,715.19,715.19,148.611,148.611,222.917,222.917,RV 9 5/8
RV 9 7/16,9.4375,9.4375,37.75,89.066,661.069,661.069,140.094,140.094,210.141,210.141,RV 9 7/16
RV 9 7/8,9.875,9.875,39.5,97.516,792.441,792.441,160.494,160.494,240.742,240.742,RV 9 7/8
RV 9 9/16,9.5625,9.5625,38.25,91.441,696.794,696.794,145.735,145.735,218.602,218.602,RV 9 9/16
RV 9/16,0.5625,0.5625,2.25,0.316,0.008,0.008,0.03,0.03,0.044,0.044,RV 9/16
