,t##Other##,B##length##inches,D##length##inches,d##length##inches
C1 5/8,18,1.625,1.25,0.25
C2 1/2,18,2.5,1.375,0.25
C3 1/4,18,3.25,1.5,0.25
C3 1/2,18,3.5,1.625,0.25
C3 5/8,18,3.625,1.625,0.25
C4,18,4,1.625,0.25
C5 1/2,18,5.5,1.625,0.25
C6,18,6,1.625,0.25
C7 1/2,18,7.5,1.625,0.25
C8,18,8,1.625,0.25
162S125-18,18,1.62,1.25,0.188
162S125-27,27,1.62,1.25,0.188
162S125-30,30,1.62,1.25,0.188
162S125-33,33,1.62,1.25,0.188
250S125-18,18,2.5,1.25,0.188
250S125-27,27,2.5,1.25,0.188
250S125-30,30,2.5,1.25,0.188
250S125-33,33,2.5,1.25,0.188
250S125-43,43,2.5,1.25,0.188
250S125-54,54,2.5,1.25,0.188
250S125-68,68,2.5,1.25,0.188
350S125-18,18,3.5,1.25,0.188
350S125-27,27,3.5,1.25,0.188
350S125-30,30,3.5,1.25,0.188
350S125-33,33,3.5,1.25,0.188
350S125-43,43,3.5,1.25,0.188
350S125-54,54,3.5,1.25,0.188
350S125-68,68,3.5,1.25,0.188
362S125-18,18,3.62,1.25,0.188
362S125-27,27,3.62,1.25,0.188
362S125-30,30,3.62,1.25,0.188
362S125-33,33,3.62,1.25,0.188
362S125-43,43,3.62,1.25,0.188
362S125-54,54,3.62,1.25,0.188
362S125-68,68,3.62,1.25,0.188
400S125-18,18,4,1.25,0.188
400S125-27,27,4,1.25,0.188
400S125-30,30,4,1.25,0.188
400S125-33,33,4,1.25,0.188
400S125-43,43,4,1.25,0.188
400S125-54,54,4,1.25,0.188
400S125-68,68,4,1.25,0.188
550S125-18,18,5.5,1.25,0.188
550S125-27,27,5.5,1.25,0.188
550S125-30,30,5.5,1.25,0.188
550S125-33,33,5.5,1.25,0.188
550S125-43,43,5.5,1.25,0.188
550S125-54,54,5.5,1.25,0.188
550S125-68,68,5.5,1.25,0.188
600S125-18,18,6,1.25,0.188
600S125-27,27,6,1.25,0.188
600S125-30,30,6,1.25,0.188
600S125-33,33,6,1.25,0.188
600S125-43,43,6,1.25,0.188
600S125-54,54,6,1.25,0.188
600S125-68,68,6,1.25,0.188
800S125-33,33,8,1.25,0.188
800S125-43,43,8,1.25,0.188
800S125-54,54,8,1.25,0.188
800S125-68,68,8,1.25,0.188
250S137-33,33,2.5,1.37,0.375
250S137-43,43,2.5,1.37,0.375
250S137-54,54,2.5,1.37,0.375
250S137-68,68,2.5,1.37,0.375
250S162-33,33,2.5,1.62,0.5
250S162-43,43,2.5,1.62,0.5
250S162-54,54,2.5,1.62,0.5
250S162-68,68,2.5,1.62,0.5
350S162-33,33,3.5,1.62,0.5
350S162-43,43,3.5,1.62,0.5
350S162-54,54,3.5,1.62,0.5
350S162-68,68,3.5,1.62,0.5
362S137-33,33,3.62,1.37,0.375
362S137-43,43,3.62,1.37,0.375
362S137-54,54,3.62,1.37,0.375
362S137-68,68,3.62,1.37,0.375
362S162-33,33,3.62,1.62,0.5
362S162-43,43,3.62,1.62,0.5
362S162-54,54,3.62,1.62,0.5
362S162-68,68,3.62,1.62,0.5
362S200-33,33,3.62,2,0.625
362S200-43,43,3.62,2,0.625
362S200-54,54,3.62,2,0.625
362S200-68,68,3.62,2,0.625
400S137-33,33,4,1.37,0.375
400S137-43,43,4,1.37,0.375
400S137-54,54,4,1.37,0.375
400S137-68,68,4,1.37,0.375
400S162-33,33,4,1.62,0.5
400S162-43,43,4,1.62,0.5
400S162-54,54,4,1.62,0.5
400S162-68,68,4,1.62,0.5
400S200-33,33,4,2,0.625
400S200-43,43,4,2,0.625
400S200-54,54,4,2,0.625
400S200-68,68,4,2,0.625
550S162-33,33,5.5,1.62,0.5
550S162-43,43,5.5,1.62,0.5
550S162-54,54,5.5,1.62,0.5
550S162-68,68,5.5,1.62,0.5
600S137-33,33,6,1.37,0.375
600S137-43,43,6,1.37,0.375
600S137-54,54,6,1.37,0.375
600S137-68,68,6,1.37,0.375
600S137-97,97,6,1.37,0.375
600S162-33,33,6,1.62,0.5
600S162-43,43,6,1.62,0.5
600S162-54,54,6,1.62,0.5
600S162-68,68,6,1.62,0.5
600S162-97,97,6,1.62,0.5
600S200-33,33,6,2,0.625
600S200-43,43,6,2,0.625
600S200-54,54,6,2,0.625
600S200-68,68,6,2,0.625
600S200-97,97,6,2,0.625
600S250-43,43,6,2.5,0.625
600S250-54,54,6,2.5,0.625
600S250-68,68,6,2.5,0.625
600S250-97,97,6,2.5,0.625
800S137-33,33,8,1.37,0.375
800S137-43,43,8,1.37,0.375
800S137-54,54,8,1.37,0.375
800S137-68,68,8,1.37,0.375
800S137-97,97,8,1.37,0.375
800S162-33,33,8,1.62,0.5
800S162-43,43,8,1.62,0.5
800S162-54,54,8,1.62,0.5
800S162-68,68,8,1.62,0.5
800S162-97,97,8,1.62,0.5
800S200-33,33,8,2,0.625
800S200-43,43,8,2,0.625
800S200-54,54,8,2,0.625
800S200-68,68,8,2,0.625
800S200-97,97,8,2,0.625
800S250-43,43,8,2.5,0.625
800S250-54,54,8,2.5,0.625
800S250-68,68,8,2.5,0.625
800S250-97,97,8,2.5,0.625
1000S162-43,43,10,1.62,0.5
1000S162-54,54,10,1.62,0.5
1000S162-68,68,10,1.62,0.5
1000S162-97,97,10,1.62,0.5
1000S200-43,43,10,2,0.625
1000S200-54,54,10,2,0.625
1000S200-68,68,10,2,0.625
1000S200-97,97,10,2,0.625
1000S250-43,43,10,2.5,0.625
1000S250-54,54,10,2.5,0.625
1000S250-68,68,10,2.5,0.625
1000S250-97,97,10,2.5,0.625
1200S162-54,54,12,1.62,0.5
1200S162-68,68,12,1.62,0.5
1200S162-97,97,12,1.62,0.5
1200S200-54,54,12,2,0.625
1200S200-68,68,12,2,0.625
1200S200-97,97,12,2,0.625
1200S250-54,54,12,2.5,0.625
1200S250-68,68,12,2.5,0.625
1200S250-97,97,12,2.5,0.625
