,Duct Width##hvac_duct_size##inches,Duct Height##hvac_duct_size##inches,Min Flow##other##,Max Flow##other##
4 x 4,4,4,24,120
4 x 6,4,6,36,180
4 x 8,4,8,48,240
4 x 10,4,10,60,300
4 x 12,4,12,72,360
4 x 14,4,14,84,420
4 x 16,4,16,96,480
4 x 18,4,18,108,540
4 x 20,4,20,120,600
4 x 22,4,22,132,660
4 x 24,4,24,144,720
4 x 26,4,26,156,780
4 x 28,4,28,168,840
4 x 30,4,30,180,900
4 x 32,4,32,192,960
4 x 34,4,34,204,1020
4 x 36,4,36,216,1080
4 x 38,4,38,228,1140
4 x 40,4,40,240,1200
4 x 42,4,42,252,1260
4 x 44,4,44,264,1320
4 x 46,4,46,276,1380
4 x 48,4,48,288,1440
6 x 4,6,4,36,180
6 x 6,6,6,57,266
6 x 8,6,8,68,374
6 x 10,6,10,102,476
6 x 12,6,12,123,574
6 x 14,6,14,144,672
6 x 16,6,16,171,798
6 x 18,6,18,189,882
6 x 20,6,20,216,1008
6 x 22,6,22,231,1078
6 x 24,6,24,264,1232
6 x 26,6,26,234,1170
6 x 28,6,28,252,1260
6 x 30,6,30,333,1554
6 x 32,6,32,365,1632
6 x 34,6,34,388,1734
6 x 36,6,36,405,1890
6 x 38,6,38,433,1938
6 x 40,6,40,456,2040
6 x 42,6,42,477,2226
6 x 44,6,44,502,2244
6 x 46,6,46,524,2346
6 x 48,6,48,546,2548
8 x 4,8,4,61,272
8 x 6,8,6,68,374
8 x 8,8,8,111,518
8 x 10,8,10,152,680
8 x 12,8,12,171,798
8 x 14,8,14,213,952
8 x 16,8,16,243,1088
8 x 18,8,18,264,1232
8 x 20,8,20,304,1360
8 x 22,8,22,334,1496
8 x 24,8,24,365,1632
8 x 26,8,26,395,1768
8 x 28,8,28,426,1904
8 x 30,8,30,447,2086
8 x 32,8,32,486,2176
8 x 34,8,34,517,2312
8 x 36,8,36,546,2548
8 x 38,8,38,578,2584
8 x 40,8,40,608,2720
8 x 42,8,42,642,2996
8 x 44,8,44,669,2992
8 x 46,8,46,699,3128
8 x 48,8,48,738,3444
10 x 4,10,4,76,340
10 x 6,10,6,102,476
10 x 8,10,8,152,680
10 x 10,10,10,177,826
10 x 12,10,12,216,1008
10 x 14,10,14,266,1190
10 x 16,10,16,304,1360
10 x 18,10,18,333,1554
10 x 20,10,20,380,1700
10 x 22,10,22,411,1918
10 x 24,10,24,447,2086
10 x 26,10,26,494,2210
10 x 28,10,28,532,2380
10 x 30,10,30,570,2550
10 x 32,10,32,608,2720
10 x 34,10,34,646,2890
10 x 36,10,36,687,3206
10 x 38,10,38,722,3230
10 x 40,10,40,760,3400
10 x 42,10,42,798,3570
10 x 44,10,44,836,3740
10 x 46,10,46,874,3910
10 x 48,10,48,933,4354
12 x 4,12,4,91,408
12 x 6,12,6,123,574
12 x 8,12,8,171,798
12 x 10,12,10,216,1008
12 x 12,12,12,264,1232
12 x 14,12,14,319,1428
12 x 16,12,16,365,1632
12 x 18,12,18,405,1890
12 x 20,12,20,456,2040
12 x 22,12,22,502,2244
12 x 24,12,24,546,2548
12 x 26,12,26,593,2652
12 x 28,12,28,638,2856
12 x 30,12,30,687,3206
12 x 32,12,32,730,3264
12 x 34,12,34,775,3468
12 x 36,12,36,825,3850
12 x 38,12,38,866,3876
12 x 40,12,40,912,4080
12 x 42,12,42,966,4506
12 x 44,12,44,1003,4488
12 x 46,12,46,1049,4692
12 x 48,12,48,1125,5250
14 x 4,14,4,106,476
14 x 6,14,6,144,672
14 x 8,14,8,213,952
14 x 10,14,10,266,1190
14 x 12,14,12,319,1428
14 x 14,14,14,366,1708
14 x 16,14,16,426,1904
14 x 18,14,18,477,2226
14 x 20,14,20,532,2380
14 x 22,14,22,585,2618
14 x 24,14,24,642,2996
14 x 26,14,26,692,3094
14 x 28,14,28,745,3332
14 x 30,14,30,798,3570
14 x 32,14,32,851,3808
14 x 34,14,34,904,4046
14 x 36,14,36,966,4506
14 x 38,14,38,1011,4788
14 x 40,14,40,1064,5040
14 x 42,14,42,1117,5292
14 x 44,14,44,1170,5544
14 x 46,14,46,1224,5796
14 x 48,14,48,1277,6048
16 x 4,16,4,122,576
16 x 6,16,6,171,798
16 x 8,16,8,243,1088
16 x 10,16,10,304,1360
16 x 12,16,12,365,1632
16 x 14,16,14,426,1904
16 x 16,16,16,486,2268
16 x 18,16,18,546,2548
16 x 20,16,20,608,2720
16 x 22,16,22,669,2992
16 x 24,16,24,738,3444
16 x 26,16,26,790,3536
16 x 28,16,28,851,3808
16 x 30,16,30,933,4354
16 x 32,16,32,973,4352
16 x 34,16,34,1034,4624
16 x 36,16,36,1125,5250
16 x 38,16,38,1155,5472
16 x 40,16,40,1216,5760
16 x 42,16,42,1277,6048
16 x 44,16,44,1338,6336
16 x 46,16,46,1398,6624
16 x 48,16,48,1459,6912
18 x 4,18,4,137,648
18 x 6,18,6,189,882
18 x 8,18,8,264,1232
18 x 10,18,10,333,1554
18 x 12,18,12,405,1890
18 x 14,18,14,477,2226
18 x 16,18,16,546,2548
18 x 18,18,18,621,2898
18 x 20,18,20,684,3240
18 x 22,18,22,752,3564
18 x 24,18,24,825,3850
18 x 26,18,26,889,4212
18 x 28,18,28,958,4536
18 x 30,18,30,1050,4900
18 x 32,18,32,1094,5184
18 x 34,18,34,1163,5508
18 x 36,18,36,1266,5908
18 x 38,18,38,1300,6156
18 x 40,18,40,1368,6480
18 x 42,18,42,1482,6916
18 x 44,18,44,1505,7128
18 x 46,18,46,1573,7452
18 x 48,18,48,1698,7924
20 x 4,20,4,152,720
20 x 6,20,6,216,1008
20 x 8,20,8,304,1360
20 x 10,20,10,380,1700
20 x 12,20,12,456,2040
20 x 14,20,14,532,2380
20 x 16,20,16,608,2720
20 x 18,20,18,684,3060
20 x 20,20,20,771,3598
20 x 22,20,22,836,3740
20 x 24,20,24,933,4354
20 x 26,20,26,988,4680
20 x 28,20,28,1064,5040
20 x 30,20,30,1140,5400
20 x 32,20,32,1216,5760
20 x 34,20,34,1292,6120
20 x 36,20,36,1413,6594
20 x 38,20,38,1444,6840
20 x 40,20,40,1520,7200
20 x 42,20,42,1653,7714
20 x 44,20,44,1672,7920
20 x 46,20,46,1748,8280
20 x 48,20,48,1824,8640
22 x 4,22,4,167,792
22 x 6,22,6,231,1078
22 x 8,22,8,334,1496
22 x 10,22,10,411,1918
22 x 12,22,12,502,2244
22 x 14,22,14,585,2618
22 x 16,22,16,669,2992
22 x 18,22,18,752,3366
22 x 20,22,20,836,3740
22 x 22,22,22,942,4396
22 x 24,22,24,1029,4802
22 x 26,22,26,1087,5148
22 x 28,22,28,1170,5544
22 x 30,22,30,1254,5940
22 x 32,22,32,1338,6336
22 x 34,22,34,1421,6732
22 x 36,22,36,1505,7128
22 x 38,22,38,1588,7524
22 x 40,22,40,1672,7920
22 x 42,22,42,1756,8316
22 x 44,22,44,1839,8712
22 x 46,22,46,2004,9352
22 x 48,22,48,2006,9504
24 x 4,24,4,182,864
24 x 6,24,6,264,1232
24 x 8,24,8,365,1728
24 x 10,24,10,447,2086
24 x 12,24,12,546,2548
24 x 14,24,14,642,2996
24 x 16,24,16,738,3444
24 x 18,24,18,825,3850
24 x 20,24,20,933,4354
24 x 22,24,22,1029,4802
24 x 24,24,24,1125,5250
24 x 26,24,26,1186,5616
24 x 28,24,28,1277,6048
24 x 30,24,30,1413,6594
24 x 32,24,32,1459,6912
24 x 34,24,34,1550,7344
24 x 36,24,36,1698,7924
24 x 38,24,38,1733,8208
24 x 40,24,40,1824,8640
24 x 42,24,42,1998,9324
24 x 44,24,44,2006,9504
24 x 46,24,46,2098,9936
24 x 48,24,48,2289,10682
26 x 4,26,4,198,936
26 x 6,26,6,296,1404
26 x 8,26,8,395,1872
26 x 10,26,10,494,2340
26 x 12,26,12,593,2808
26 x 14,26,14,692,3276
26 x 16,26,16,790,3744
26 x 18,26,18,889,4212
26 x 20,26,20,988,4680
26 x 22,26,22,1087,5148
26 x 24,26,24,1186,5616
26 x 26,26,26,1284,6084
26 x 28,26,28,1383,6552
26 x 30,26,30,1482,7020
26 x 32,26,32,1581,7488
26 x 34,26,34,1680,7956
26 x 36,26,36,1778,8424
26 x 38,26,38,1877,8892
26 x 40,26,40,1976,9360
26 x 42,26,42,2075,9828
26 x 44,26,44,2174,10296
26 x 46,26,46,2272,10764
26 x 48,26,48,2371,11232
28 x 4,28,4,213,1008
28 x 6,28,6,319,1512
28 x 8,28,8,426,2016
28 x 10,28,10,532,2520
28 x 12,28,12,638,3024
28 x 14,28,14,745,3528
28 x 16,28,16,851,4032
28 x 18,28,18,958,4536
28 x 20,28,20,1064,5040
28 x 22,28,22,1170,5544
28 x 24,28,24,1277,6048
28 x 26,28,26,1383,6552
28 x 28,28,28,1548,7224
28 x 30,28,30,1653,7714
28 x 32,28,32,1702,8064
28 x 34,28,34,1809,8568
28 x 36,28,36,1998,9324
28 x 38,28,38,2022,9576
28 x 40,28,40,2128,10080
28 x 42,28,42,2234,10584
28 x 44,28,44,2341,11088
28 x 46,28,46,2447,11592
28 x 48,28,48,2554,12096
30 x 4,30,4,228,1080
30 x 6,30,6,333,1554
30 x 8,30,8,447,2086
30 x 10,30,10,570,2700
30 x 12,30,12,687,3206
30 x 14,30,14,798,3780
30 x 16,30,16,933,4354
30 x 18,30,18,1050,4900
30 x 20,30,20,1140,5400
30 x 22,30,22,1254,5940
30 x 24,30,24,1413,6594
30 x 26,30,26,1482,7020
30 x 28,30,28,1653,7714
30 x 30,30,30,1782,8316
30 x 32,30,32,1824,8640
30 x 34,30,34,1938,9180
30 x 36,30,36,2148,10024
30 x 38,30,38,2166,10260
30 x 40,30,40,2280,10800
30 x 42,30,42,2514,11732
30 x 44,30,44,2508,11880
30 x 46,30,46,2622,12420
30 x 48,30,48,2880,13440
32 x 4,32,4,243,1152
32 x 6,32,6,365,1728
32 x 8,32,8,486,2304
32 x 10,32,10,608,2880
32 x 12,32,12,730,3456
32 x 14,32,14,851,4032
32 x 16,32,16,973,4608
32 x 18,32,18,1094,5184
32 x 20,32,20,1216,5760
32 x 22,32,22,1338,6336
32 x 24,32,24,1459,6912
32 x 26,32,26,1581,7488
32 x 28,32,28,1702,8064
32 x 30,32,30,1824,8640
32 x 32,32,32,2034,9492
32 x 34,32,34,2067,9792
32 x 36,32,36,2289,10682
32 x 38,32,38,2310,10944
32 x 40,32,40,2432,11520
32 x 42,32,42,2554,12096
32 x 44,32,44,2675,12672
32 x 46,32,46,2797,13248
32 x 48,32,48,2918,13824
34 x 4,34,4,258,1224
34 x 6,34,6,388,1836
34 x 8,34,8,517,2448
34 x 10,34,10,646,3060
34 x 12,34,12,775,3672
34 x 14,34,14,904,4284
34 x 16,34,16,1034,4896
34 x 18,34,18,1163,5508
34 x 20,34,20,1292,6120
34 x 22,34,22,1421,6732
34 x 24,34,24,1550,7344
34 x 26,34,26,1680,7956
34 x 28,34,28,1809,8568
34 x 30,34,30,1938,9180
34 x 32,34,32,2067,9792
34 x 34,34,34,2304,10752
34 x 36,34,36,2442,11396
34 x 38,34,38,2455,11628
34 x 40,34,40,2584,12240
34 x 42,34,42,2880,13440
34 x 44,34,44,2842,13464
34 x 46,34,46,3135,14630
34 x 48,34,48,3101,14688
36 x 4,36,4,274,1296
36 x 6,36,6,405,1890
36 x 8,36,8,546,2548
36 x 10,36,10,687,3206
36 x 12,36,12,825,3850
36 x 14,36,14,966,4506
36 x 16,36,16,1125,5250
36 x 18,36,18,1266,5908
36 x 20,36,20,1413,6594
36 x 22,36,22,1505,7128
36 x 24,36,24,1698,7924
36 x 26,36,26,1778,8424
36 x 28,36,28,1998,9324
36 x 30,36,30,2148,10024
36 x 32,36,32,2289,10682
36 x 34,36,34,2442,11396
36 x 36,36,36,2589,12082
36 x 38,36,38,2599,12312
36 x 40,36,40,2736,12960
36 x 42,36,42,3030,14140
36 x 44,36,44,3010,14256
36 x 46,36,46,3146,14904
36 x 48,36,48,3471,16198
38 x 4,38,4,289,1368
38 x 6,38,6,433,2052
38 x 8,38,8,578,2736
38 x 10,38,10,722,3420
38 x 12,38,12,866,4104
38 x 14,38,14,1011,4788
38 x 16,38,16,1155,5472
38 x 18,38,18,1300,6156
38 x 20,38,20,1444,6840
38 x 22,38,22,1588,7524
38 x 24,38,24,1733,8208
38 x 26,38,26,1877,8892
38 x 28,38,28,2022,9576
38 x 30,38,30,2166,10260
38 x 32,38,32,2310,10944
38 x 34,38,34,2455,11628
38 x 36,38,36,2599,12312
38 x 38,38,38,2892,13496
38 x 40,38,40,2888,13680
38 x 42,38,42,3201,16938
38 x 44,38,44,3177,15048
38 x 46,38,46,3321,15732
38 x 48,38,48,3466,16416
40 x 4,40,4,304,1440
40 x 6,40,6,456,2160
40 x 8,40,8,608,2880
40 x 10,40,10,760,3600
40 x 12,40,12,912,4320
40 x 14,40,14,1064,5040
40 x 16,40,16,1216,5760
40 x 18,40,18,1368,6480
40 x 20,40,20,1520,7200
40 x 22,40,22,1672,7920
40 x 24,40,24,1824,8640
40 x 26,40,26,1976,9360
40 x 28,40,28,2128,10080
40 x 30,40,30,2280,10800
40 x 32,40,32,2432,11520
40 x 34,40,34,2584,12240
40 x 36,40,36,2736,12960
40 x 38,40,38,2888,13680
40 x 40,40,40,3210,14980
40 x 42,40,42,3192,15120
40 x 44,40,44,3344,15840
40 x 46,40,46,3496,16560
40 x 48,40,48,3648,17280
42 x 4,42,4,319,1512
42 x 6,42,6,477,2226
42 x 8,42,8,642,2996
42 x 10,42,10,798,3780
42 x 12,42,12,966,4506
42 x 14,42,14,1117,5292
42 x 16,42,16,1277,6048
42 x 18,42,18,1482,6916
42 x 20,42,20,1653,7714
42 x 22,42,22,1756,8316
42 x 24,42,24,1998,9324
42 x 26,42,26,2075,9828
42 x 28,42,28,2234,10584
42 x 30,42,30,2514,11732
42 x 32,42,32,2554,12096
42 x 34,42,34,2880,13440
42 x 36,42,36,3030,14140
42 x 38,42,38,3201,16938
42 x 40,42,40,3192,15120
42 x 42,42,42,3546,16548
42 x 44,42,44,3511,16632
42 x 46,42,46,3671,17388
42 x 48,42,48,4062,18956
44 x 4,44,4,334,1584
44 x 6,44,6,502,2376
44 x 8,44,8,669,3168
44 x 10,44,10,836,3960
44 x 12,44,12,1003,4752
44 x 14,44,14,1170,5544
44 x 16,44,16,1338,6336
44 x 18,44,18,1505,7128
44 x 20,44,20,1672,7920
44 x 22,44,22,1839,8712
44 x 24,44,24,2006,9504
44 x 26,44,26,2174,10296
44 x 28,44,28,2341,11088
44 x 30,44,30,2508,11880
44 x 32,44,32,2675,12672
44 x 34,44,34,2842,13464
44 x 36,44,36,3010,14256
44 x 38,44,38,3177,15048
44 x 40,44,40,3344,15840
44 x 42,44,42,3511,16632
44 x 44,44,44,3897,18186
44 x 46,44,46,3846,18216
44 x 48,44,48,4013,19008
46 x 4,46,4,350,1656
46 x 6,46,6,524,2484
46 x 8,46,8,699,3312
46 x 10,46,10,874,4140
46 x 12,46,12,1049,4968
46 x 14,46,14,1224,5796
46 x 16,46,16,1398,6624
46 x 18,46,18,1573,7452
46 x 20,46,20,1748,8280
46 x 22,46,22,2004,9352
46 x 24,46,24,2098,9936
46 x 26,46,26,2272,10764
46 x 28,46,28,2447,11592
46 x 30,46,30,2622,12420
46 x 32,46,32,2797,13248
46 x 34,46,34,3135,14630
46 x 36,46,36,3146,14904
46 x 38,46,38,3321,15732
46 x 40,46,40,3496,16560
46 x 42,46,42,3671,17388
46 x 44,46,44,3846,18216
46 x 46,46,46,4266,19908
46 x 48,46,48,4455,20790
48 x 4,48,4,365,1728
48 x 6,48,6,546,2548
48 x 8,48,8,738,3444
48 x 10,48,10,933,4354
48 x 12,48,12,1125,5250
48 x 14,48,14,1277,6048
48 x 16,48,16,1459,6912
48 x 18,48,18,1698,7924
48 x 20,48,20,1824,8640
48 x 22,48,22,2006,9504
48 x 24,48,24,2289,10682
48 x 26,48,26,2371,11232
48 x 28,48,28,2554,12096
48 x 30,48,30,2880,13440
48 x 32,48,32,2918,13824
48 x 34,48,34,3101,14688
48 x 36,48,36,3471,16198
48 x 38,48,38,3466,16416
48 x 40,48,40,3648,17280
48 x 42,48,42,4062,18956
48 x 44,48,44,4013,19008
48 x 46,48,46,4455,20790
48 x 48,48,48,4650,21700