,Width##SECTION_PROPERTY##INCHES,Height##SECTION_PROPERTY##INCHES,Flange Thickness##SECTION_PROPERTY##INCHES,Web Thickness##SECTION_PROPERTY##INCHES,Flange Fillet##SECTION_PROPERTY##INCHES,Web Fillet##SECTION_PROPERTY##INCHES,Centroid Horizontal##SECTION_PROPERTY##INCHES,Flange Thickness Location##SECTION_PROPERTY##INCHES,Section Area##SECTION_AREA##SQUARE_INCHES,Nominal Weight##WEIGHT_PER_UNIT_LENGTH##POUNDS_FORCE_PER_FOOT,Moment of Inertia strong axis##MOMENT_OF_INERTIA##INCHES_TO_THE_FOURTH_POWER,Moment of Inertia weak axis##MOMENT_OF_INERTIA##INCHES_TO_THE_FOURTH_POWER,Elastic Modulus strong axis##SECTION_MODULUS##CUBIC_INCHES,Elastic Modulus weak axis##SECTION_MODULUS##CUBIC_INCHES,Plastic Modulus strong axis##SECTION_MODULUS##CUBIC_INCHES,Plastic Modulus weak axis##SECTION_MODULUS##CUBIC_INCHES,Torsional Moment of Inertia##MOMENT_OF_INERTIA##INCHES_TO_THE_FOURTH_POWER,Warping Constant##WARPING_CONSTANT##INCHES_TO_THE_SIXTH_POWER,Section Name Key##other##
MC18X58,4.2,18,0.625,0.7,0.3125,0.625,0.862,1.75,17.1,58,675,17.6,75,5.28,95.4,10.7,2.81,1070,MC18X58
MC18X51.9,4.1,18,0.625,0.6,0.3125,0.625,0.858,1.75,15.3,51.9,627,16.3,69.6,5.02,87.3,9.86,2.03,985,MC18X51.9
MC18X45.8,4,18,0.625,0.5,0.3125,0.625,0.866,1.75,13.5,45.8,578,14.9,64.2,4.77,79.2,9.14,1.45,897,MC18X45.8
MC18X42.7,3.95,18,0.625,0.45,0.3125,0.625,0.877,1.75,12.6,42.7,554,14.3,61.5,4.64,75.1,8.82,1.23,852,MC18X42.7
MC13X50,4.41,13,0.61,0.787,0.305,0.61,0.974,1.8115,14.7,50,314,16.4,48.3,4.77,60.8,10.2,2.96,558,MC13X50
MC13X40,4.19,13,0.61,0.56,0.305,0.61,0.963,1.815,11.7,40,273,13.7,41.9,4.24,51.2,8.66,1.55,462,MC13X40
MC13X35,4.07,13,0.61,0.447,0.305,0.61,0.98,1.8115,10.3,35,252,12.3,38.8,3.97,46.5,8.04,1.13,412,MC13X35
MC13X31.8,4,13,0.61,0.375,0.305,0.61,1,1.8125,9.35,31.8,239,11.4,36.7,3.79,43.4,7.69,0.937,380,MC13X31.8
MC12X50,4.14,12,0.7,0.835,0.35,0.7,1.05,1.6525,14.7,50,269,17.4,44.9,5.64,56.5,10.9,3.23,411,MC12X50
MC12X45,4.01,12,0.7,0.71,0.35,0.7,1.04,1.65,13.2,45,251,15.8,41.9,5.3,52,10.1,2.33,373,MC12X45
MC12X40,3.89,12,0.7,0.59,0.35,0.7,1.04,1.65,11.8,40,234,14.2,39,4.98,47.7,9.31,1.69,336,MC12X40
MC12X35,3.77,12,0.7,0.465,0.35,0.7,1.05,1.6525,10.3,35,216,12.6,36,4.64,43.2,8.62,1.24,297,MC12X35
MC12X31,3.67,12,0.7,0.37,0.35,0.7,1.08,1.65,9.12,31,202,11.3,33.7,4.37,39.7,8.15,1,267,MC12X31
MC12X14.3,2.12,12,0.313,0.25,0.12,0.313,0.377,0.935,4.18,14.3,76.1,1,12.7,0.574,15.9,1.21,0.117,32.8,MC12X14.3
MC12X10.6,1.5,12,0.309,0.19,0.1545,0.309,0.269,0.655,3.1,10.6,55.3,0.378,9.22,0.307,11.6,0.635,0.0596,11.7,MC12X10.6
MC10X41.1,4.32,10,0.575,0.796,0.2875,0.575,1.09,1.762,12.1,41.1,157,15.7,31.5,4.85,39.3,9.49,2.26,269,MC10X41.1
MC10X33.6,4.1,10,0.575,0.575,0.2875,0.575,1.09,1.7625,9.87,33.6,139,13.1,27.8,4.35,33.7,8.28,1.2,224,MC10X33.6
MC10X28.5,3.95,10,0.575,0.425,0.2875,0.575,1.12,1.7625,8.37,28.5,126,11.3,25.3,3.99,30,7.59,0.791,193,MC10X28.5
MC10X25,3.41,10,0.575,0.38,0.2875,0.575,0.953,1.515,7.34,25,110,7.25,22,2.96,26.2,5.65,0.638,124,MC10X25
MC10X22,3.32,10,0.575,0.29,0.2875,0.575,0.99,1.515,6.45,22,102,6.4,20.5,2.75,23.9,5.29,0.51,110,MC10X22
MC10X8.4,1.5,10,0.28,0.17,0.14,0.28,0.284,0.665,2.46,8.4,31.9,0.326,6.39,0.268,7.92,0.548,0.0413,7,MC10X8.4
MC10X6.5,1.17,10,0.202,0.152,0.101,0.202,0.194,0.509,1.95,6.5,22.9,0.133,4.59,0.137,5.9,0.284,0.0191,2.76,MC10X6.5
MC9X25.4,3.5,9,0.55,0.45,0.275,0.55,0.97,1.525,7.47,25.4,87.9,7.57,19.5,2.99,23.5,5.7,0.691,104,MC9X25.4
MC9X23.9,3.45,9,0.55,0.4,0.275,0.55,0.981,1.525,7.02,23.9,84.9,7.14,18.9,2.89,22.5,5.51,0.599,98,MC9X23.9
MC8X22.8,3.5,8,0.525,0.427,0.2625,0.525,1.01,1.5365,6.7,22.8,63.8,7.01,15.9,2.81,19.1,5.37,0.572,75.2,MC8X22.8
MC8X21.4,3.45,8,0.525,0.375,0.2625,0.525,1.02,1.5375,6.28,21.4,61.5,6.58,15.4,2.71,18.2,5.18,0.495,70.8,MC8X21.4
MC8X20,3.03,8,0.5,0.4,0.25,0.5,0.84,1.315,5.87,20,54.4,4.42,13.6,2.02,16.4,3.86,0.441,47.8,MC8X20
MC8X18.7,2.98,8,0.5,0.353,0.25,0.5,0.849,1.3135,5.5,18.7,52.4,4.15,13.1,1.95,15.6,3.72,0.38,45,MC8X18.7
MC8X8.5,1.87,8,0.311,0.179,0.1555,0.311,0.428,0.8455,2.5,8.5,23.3,0.624,5.82,0.431,6.95,0.875,0.0587,8.21,MC8X8.5
MC7X22.7,3.6,7,0.5,0.503,0.2,0.5,1.04,1.5485,6.67,22.7,47.4,7.24,13.5,2.83,16.4,5.38,0.625,58.3,MC7X22.7
MC7X19.1,3.45,7,0.5,0.352,0.2,0.5,1.08,1.549,5.61,19.1,43.1,6.06,12.3,2.55,14.5,4.85,0.407,49.3,MC7X19.1
MC6X18,3.5,6,0.475,0.379,0.2,0.475,1.12,1.5605,5.29,18,29.7,5.88,9.89,2.47,11.7,4.68,0.379,34.6,MC6X18
MC6X15.3,3.5,6,0.385,0.34,0.1,0.385,1.05,1.58,4.49,15.3,25.3,4.91,8.44,2.01,9.91,3.85,0.223,30,MC6X15.3
MC6X16.3,3,6,0.475,0.375,0.2375,0.475,0.927,1.3125,4.79,16.3,26,3.77,8.66,1.82,10.4,3.47,0.336,22.1,MC6X16.3
MC6X15.1,2.94,6,0.475,0.316,0.2375,0.475,0.94,1.312,4.44,15.1,24.9,3.46,8.3,1.73,9.83,3.3,0.285,20.5,MC6X15.1
MC6X12,2.5,6,0.375,0.31,0.1875,0.375,0.704,1.095,3.53,12,18.7,1.85,6.24,1.03,7.47,1.97,0.155,11.3,MC6X12
MC6X7,1.88,6,0.291,0.179,0.1,0.291,0.501,0.8505,2.09,7,11.4,0.603,3.81,0.439,4.5,0.865,0.0464,4,MC6X7
MC6X6.5,1.85,6,0.291,0.155,0.1,0.291,0.513,0.8475,1.95,6.5,11,0.565,3.66,0.422,4.28,0.836,0.0412,3.75,MC6X6.5
MC4X13.8,2.5,4,0.5,0.5,0.25,0.5,0.849,1,4.03,13.8,8.85,2.13,4.43,1.29,5.53,2.4,0.373,4.84,MC4X13.8
MC3X7.1,1.94,3,0.351,0.312,0.1755,0.351,0.653,0.814,2.11,7.1,2.72,0.666,1.81,0.518,2.24,0.998,0.0928,0.915,MC3X7.1
