,Legs##other##,Space##length##inches,W##other##,A##area##inches,d##length##inches,b##length##inches,t##length##inches,y##length##inches
2L8X8X1-1/8,Equal,0,114,33.6,8.00,8,1.125,2.40
2L8X8X1-1/8X3/8,Equal,0.375,114,33.6,8.00,8,1.125,2.40
2L8X8X1-1/8X3/4,Equal,0.75,114,33.6,8.00,8,1.125,2.40
2L8X8X1,Equal,0,103,30.2,8.00,8,1,2.36
2L8X8X1X3/8,Equal,0.375,103,30.2,8.00,8,1,2.36
2L8X8X1X3/4,Equal,0.75,103,30.2,8.00,8,1,2.36
2L8X8X7/8,Equal,0,90.6,26.6,8.00,8,0.875,2.31
2L8X8X7/8X3/8,Equal,0.375,90.6,26.6,8.00,8,0.875,2.31
2L8X8X7/8X3/4,Equal,0.75,90.6,26.6,8.00,8,0.875,2.31
2L8X8X3/4,Equal,0,78.4,23.0,8.00,8,0.75,2.26
2L8X8X3/4X3/8,Equal,0.375,78.4,23.0,8.00,8,0.75,2.26
2L8X8X3/4X3/4,Equal,0.75,78.4,23.0,8.00,8,0.75,2.26
2L8X8X5/8,Equal,0,66.0,19.4,8.00,8,0.625,2.21
2L8X8X5/8X3/8,Equal,0.375,66.0,19.4,8.00,8,0.625,2.21
2L8X8X5/8X3/4,Equal,0.75,66.0,19.4,8.00,8,0.625,2.21
2L8X8X9/16,Equal,0,59.7,17.5,8.00,8,0.5625,2.19
2L8X8X9/16X3/8,Equal,0.375,59.7,17.5,8.00,8,0.5625,2.19
2L8X8X9/16X3/4,Equal,0.75,59.7,17.5,8.00,8,0.5625,2.19
2L8X8X1/2,Equal,0,53.3,15.7,8.00,8,0.5,2.17
2L8X8X1/2X3/8,Equal,0.375,53.3,15.7,8.00,8,0.5,2.17
2L8X8X1/2X3/4,Equal,0.75,53.3,15.7,8.00,8,0.5,2.17
2L6X6X1,Equal,0,75.0,22.0,6.00,6,1,1.86
2L6X6X1X3/8,Equal,0.375,75.0,22.0,6.00,6,1,1.86
2L6X6X1X3/4,Equal,0.75,75.0,22.0,6.00,6,1,1.86
2L6X6X7/8,Equal,0,66.4,19.5,6.00,6,0.875,1.81
2L6X6X7/8X3/8,Equal,0.375,66.4,19.5,6.00,6,0.875,1.81
2L6X6X7/8X3/4,Equal,0.75,66.4,19.5,6.00,6,0.875,1.81
2L6X6X3/4,Equal,0,57.6,16.9,6.00,6,0.75,1.77
2L6X6X3/4X3/8,Equal,0.375,57.6,16.9,6.00,6,0.75,1.77
2L6X6X3/4X3/4,Equal,0.75,57.6,16.9,6.00,6,0.75,1.77
2L6X6X5/8,Equal,0,48.5,14.3,6.00,6,0.625,1.72
2L6X6X5/8X3/8,Equal,0.375,48.5,14.3,6.00,6,0.625,1.72
2L6X6X5/8X3/4,Equal,0.75,48.5,14.3,6.00,6,0.625,1.72
2L6X6X9/16,Equal,0,43.9,12.9,6.00,6,0.5625,1.70
2L6X6X9/16X3/8,Equal,0.375,43.9,12.9,6.00,6,0.5625,1.70
2L6X6X9/16X3/4,Equal,0.75,43.9,12.9,6.00,6,0.5625,1.70
2L6X6X1/2,Equal,0,39.3,11.5,6.00,6,0.5,1.67
2L6X6X1/2X3/8,Equal,0.375,39.3,11.5,6.00,6,0.5,1.67
2L6X6X1/2X3/4,Equal,0.75,39.3,11.5,6.00,6,0.5,1.67
2L6X6X7/16,Equal,0,34.6,10.2,6.00,6,0.4375,1.65
2L6X6X7/16X3/8,Equal,0.375,34.6,10.2,6.00,6,0.4375,1.65
2L6X6X7/16X3/4,Equal,0.75,34.6,10.2,6.00,6,0.4375,1.65
2L6X6X3/8,Equal,0,29.8,8.76,6.00,6,0.375,1.62
2L6X6X3/8X3/8,Equal,0.375,29.8,8.76,6.00,6,0.375,1.62
2L6X6X3/8X3/4,Equal,0.75,29.8,8.76,6.00,6,0.375,1.62
2L6X6X5/16,Equal,0,25.0,7.34,6.00,6,0.3125,1.60
2L6X6X5/16X3/8,Equal,0.375,25.0,7.34,6.00,6,0.3125,1.60
2L6X6X5/16X3/4,Equal,0.75,25.0,7.34,6.00,6,0.3125,1.60
2L5X5X7/8,Equal,0,54.6,16.0,5.00,5,0.875,1.56
2L5X5X7/8X3/8,Equal,0.375,54.6,16.0,5.00,5,0.875,1.56
2L5X5X7/8X3/4,Equal,0.75,54.6,16.0,5.00,5,0.875,1.56
2L5X5X3/4,Equal,0,47.5,14.0,5.00,5,0.75,1.52
2L5X5X3/4X3/8,Equal,0.375,47.5,14.0,5.00,5,0.75,1.52
2L5X5X3/4X3/4,Equal,0.75,47.5,14.0,5.00,5,0.75,1.52
2L5X5X5/8,Equal,0,40.1,11.8,5.00,5,0.625,1.47
2L5X5X5/8X3/8,Equal,0.375,40.1,11.8,5.00,5,0.625,1.47
2L5X5X5/8X3/4,Equal,0.75,40.1,11.8,5.00,5,0.625,1.47
2L5X5X1/2,Equal,0,32.6,9.58,5.00,5,0.5,1.42
2L5X5X1/2X3/8,Equal,0.375,32.6,9.58,5.00,5,0.5,1.42
2L5X5X1/2X3/4,Equal,0.75,32.6,9.58,5.00,5,0.5,1.42
2L5X5X7/16,Equal,0,28.7,8.44,5.00,5,0.4375,1.40
2L5X5X7/16X3/8,Equal,0.375,28.7,8.44,5.00,5,0.4375,1.40
2L5X5X7/16X3/4,Equal,0.75,28.7,8.44,5.00,5,0.4375,1.40
2L5X5X3/8,Equal,0,24.8,7.30,5.00,5,0.375,1.37
2L5X5X3/8X3/8,Equal,0.375,24.8,7.30,5.00,5,0.375,1.37
2L5X5X3/8X3/4,Equal,0.75,24.8,7.30,5.00,5,0.375,1.37
2L5X5X5/16,Equal,0,20.9,6.13,5.00,5,0.3125,1.35
2L5X5X5/16X3/8,Equal,0.375,20.9,6.13,5.00,5,0.3125,1.35
2L5X5X5/16X3/4,Equal,0.75,20.9,6.13,5.00,5,0.3125,1.35
2L4X4X3/4,Equal,0,37.0,10.9,4.00,4,0.75,1.27
2L4X4X3/4X3/8,Equal,0.375,37.0,10.9,4.00,4,0.75,1.27
2L4X4X3/4X3/4,Equal,0.75,37.0,10.9,4.00,4,0.75,1.27
2L4X4X5/8,Equal,0,31.3,9.21,4.00,4,0.625,1.22
2L4X4X5/8X3/8,Equal,0.375,31.3,9.21,4.00,4,0.625,1.22
2L4X4X5/8X3/4,Equal,0.75,31.3,9.21,4.00,4,0.625,1.22
2L4X4X1/2,Equal,0,25.5,7.49,4.00,4,0.5,1.18
2L4X4X1/2X3/8,Equal,0.375,25.5,7.49,4.00,4,0.5,1.18
2L4X4X1/2X3/4,Equal,0.75,25.5,7.49,4.00,4,0.5,1.18
2L4X4X7/16,Equal,0,22.5,6.61,4.00,4,0.4375,1.15
2L4X4X7/16X3/8,Equal,0.375,22.5,6.61,4.00,4,0.4375,1.15
2L4X4X7/16X3/4,Equal,0.75,22.5,6.61,4.00,4,0.4375,1.15
2L4X4X3/8,Equal,0,19.4,5.71,4.00,4,0.375,1.13
2L4X4X3/8X3/8,Equal,0.375,19.4,5.71,4.00,4,0.375,1.13
2L4X4X3/8X3/4,Equal,0.75,19.4,5.71,4.00,4,0.375,1.13
2L4X4X5/16,Equal,0,16.3,4.80,4.00,4,0.3125,1.11
2L4X4X5/16X3/8,Equal,0.375,16.3,4.80,4.00,4,0.3125,1.11
2L4X4X5/16X3/4,Equal,0.75,16.3,4.80,4.00,4,0.3125,1.11
2L4X4X1/4,Equal,0,13.2,3.87,4.00,4,0.25,1.08
2L4X4X1/4X3/8,Equal,0.375,13.2,3.87,4.00,4,0.25,1.08
2L4X4X1/4X3/4,Equal,0.75,13.2,3.87,4.00,4,0.25,1.08
2L3-1/2X3-1/2X1/2,Equal,0,22.2,6.53,3.50,3.5,0.5,1.05
2L3-1/2X3-1/2X1/2X3/8,Equal,0.375,22.2,6.53,3.50,3.5,0.5,1.05
2L3-1/2X3-1/2X1/2X3/4,Equal,0.75,22.2,6.53,3.50,3.5,0.5,1.05
2L3-1/2X3-1/2X7/16,Equal,0,19.6,5.77,3.50,3.5,0.4375,1.03
2L3-1/2X3-1/2X7/16X3/8,Equal,0.375,19.6,5.77,3.50,3.5,0.4375,1.03
2L3-1/2X3-1/2X7/16X3/4,Equal,0.75,19.6,5.77,3.50,3.5,0.4375,1.03
2L3-1/2X3-1/2X3/8,Equal,0,17.0,5.00,3.50,3.5,0.375,1.00
2L3-1/2X3-1/2X3/8X3/8,Equal,0.375,17.0,5.00,3.50,3.5,0.375,1.00
2L3-1/2X3-1/2X3/8X3/4,Equal,0.75,17.0,5.00,3.50,3.5,0.375,1.00
2L3-1/2X3-1/2X5/16,Equal,0,14.3,4.21,3.50,3.5,0.3125,0.979
2L3-1/2X3-1/2X5/16X3/8,Equal,0.375,14.3,4.21,3.50,3.5,0.3125,0.979
2L3-1/2X3-1/2X5/16X3/4,Equal,0.75,14.3,4.21,3.50,3.5,0.3125,0.979
2L3-1/2X3-1/2X1/4,Equal,0,11.6,3.41,3.50,3.5,0.25,0.954
2L3-1/2X3-1/2X1/4X3/8,Equal,0.375,11.6,3.41,3.50,3.5,0.25,0.954
2L3-1/2X3-1/2X1/4X3/4,Equal,0.75,11.6,3.41,3.50,3.5,0.25,0.954
2L3X3X1/2,Equal,0,18.7,5.50,3.00,3,0.5,0.929
2L3X3X1/2X3/8,Equal,0.375,18.7,5.50,3.00,3,0.5,0.929
2L3X3X1/2X3/4,Equal,0.75,18.7,5.50,3.00,3,0.5,0.929
2L3X3X7/16,Equal,0,16.6,4.86,3.00,3,0.4375,0.907
2L3X3X7/16X3/8,Equal,0.375,16.6,4.86,3.00,3,0.4375,0.907
2L3X3X7/16X3/4,Equal,0.75,16.6,4.86,3.00,3,0.4375,0.907
2L3X3X3/8,Equal,0,14.3,4.22,3.00,3,0.375,0.884
2L3X3X3/8X3/8,Equal,0.375,14.3,4.22,3.00,3,0.375,0.884
2L3X3X3/8X3/4,Equal,0.75,14.3,4.22,3.00,3,0.375,0.884
2L3X3X5/16,Equal,0,12.1,3.55,3.00,3,0.3125,0.860
2L3X3X5/16X3/8,Equal,0.375,12.1,3.55,3.00,3,0.3125,0.860
2L3X3X5/16X3/4,Equal,0.75,12.1,3.55,3.00,3,0.3125,0.860
2L3X3X1/4,Equal,0,9.77,2.87,3.00,3,0.25,0.836
2L3X3X1/4X3/8,Equal,0.375,9.77,2.87,3.00,3,0.25,0.836
2L3X3X1/4X3/4,Equal,0.75,9.77,2.87,3.00,3,0.25,0.836
2L3X3X3/16,Equal,0,7.41,2.18,3.00,3,0.1875,0.812
2L3X3X3/16X3/8,Equal,0.375,7.41,2.18,3.00,3,0.1875,0.812
2L3X3X3/16X3/4,Equal,0.75,7.41,2.18,3.00,3,0.1875,0.812
2L2-1/2X2-1/2X1/2,Equal,0,15.3,4.50,2.50,2.5,0.5,0.803
2L2-1/2X2-1/2X1/2X3/8,Equal,0.375,15.3,4.50,2.50,2.5,0.5,0.803
2L2-1/2X2-1/2X1/2X3/4,Equal,0.75,15.3,4.50,2.50,2.5,0.5,0.803
2L2-1/2X2-1/2X3/8,Equal,0,11.8,3.47,2.50,2.5,0.375,0.758
2L2-1/2X2-1/2X3/8X3/8,Equal,0.375,11.8,3.47,2.50,2.5,0.375,0.758
2L2-1/2X2-1/2X3/8X3/4,Equal,0.75,11.8,3.47,2.50,2.5,0.375,0.758
2L2-1/2X2-1/2X5/16,Equal,0,10.0,2.93,2.50,2.5,0.3125,0.735
2L2-1/2X2-1/2X5/16X3/8,Equal,0.375,10.0,2.93,2.50,2.5,0.3125,0.735
2L2-1/2X2-1/2X5/16X3/4,Equal,0.75,10.0,2.93,2.50,2.5,0.3125,0.735
2L2-1/2X2-1/2X1/4,Equal,0,8.07,2.37,2.50,2.5,0.25,0.711
2L2-1/2X2-1/2X1/4X3/8,Equal,0.375,8.07,2.37,2.50,2.5,0.25,0.711
2L2-1/2X2-1/2X1/4X3/4,Equal,0.75,8.07,2.37,2.50,2.5,0.25,0.711
2L2-1/2X2-1/2X3/16,Equal,0,6.13,1.80,2.50,2.5,0.1875,0.687
2L2-1/2X2-1/2X3/16X3/8,Equal,0.375,6.13,1.80,2.50,2.5,0.1875,0.687
2L2-1/2X2-1/2X3/16X3/4,Equal,0.75,6.13,1.80,2.50,2.5,0.1875,0.687
2L2X2X3/8,Equal,0,9.30,2.73,2.00,2,0.375,0.632
2L2X2X3/8X3/8,Equal,0.375,9.30,2.73,2.00,2,0.375,0.632
2L2X2X3/8X3/4,Equal,0.75,9.30,2.73,2.00,2,0.375,0.632
2L2X2X5/16,Equal,0,7.89,2.32,2.00,2,0.3125,0.609
2L2X2X5/16X3/8,Equal,0.375,7.89,2.32,2.00,2,0.3125,0.609
2L2X2X5/16X3/4,Equal,0.75,7.89,2.32,2.00,2,0.3125,0.609
2L2X2X1/4,Equal,0,6.43,1.89,2.00,2,0.25,0.586
2L2X2X1/4X3/8,Equal,0.375,6.43,1.89,2.00,2,0.25,0.586
2L2X2X1/4X3/4,Equal,0.75,6.43,1.89,2.00,2,0.25,0.586
2L2X2X3/16,Equal,0,4.91,1.44,2.00,2,0.1875,0.561
2L2X2X3/16X3/8,Equal,0.375,4.91,1.44,2.00,2,0.1875,0.561
2L2X2X3/16X3/4,Equal,0.75,4.91,1.44,2.00,2,0.1875,0.561
2L2X2X1/8,Equal,0,3.34,0.982,2.00,2,0.125,0.534
2L2X2X1/8X3/8,Equal,0.375,3.34,0.982,2.00,2,0.125,0.534
2L2X2X1/8X3/4,Equal,0.75,3.34,0.982,2.00,2,0.125,0.534
2L8X6X1LLBB,LLBB,0,88.8,26.1,8.00,6,1,2.65
2L8X6X1X3/8LLBB,LLBB,0.375,88.8,26.1,8.00,6,1,2.65
2L8X6X1X3/4LLBB,LLBB,0.75,88.8,26.1,8.00,6,1,2.65
2L8X6X7/8LLBB,LLBB,0,78.5,23.1,8.00,6,0.875,2.60
2L8X6X7/8X3/8LLBB,LLBB,0.375,78.5,23.1,8.00,6,0.875,2.60
2L8X6X7/8X3/4LLBB,LLBB,0.75,78.5,23.1,8.00,6,0.875,2.60
2L8X6X3/4LLBB,LLBB,0,68.0,20.0,8.00,6,0.75,2.55
2L8X6X3/4X3/8LLBB,LLBB,0.375,68.0,20.0,8.00,6,0.75,2.55
2L8X6X3/4X3/4LLBB,LLBB,0.75,68.0,20.0,8.00,6,0.75,2.55
2L8X6X5/8LLBB,LLBB,0,57.3,16.8,8.00,6,0.625,2.50
2L8X6X5/8X3/8LLBB,LLBB,0.375,57.3,16.8,8.00,6,0.625,2.50
2L8X6X5/8X3/4LLBB,LLBB,0.75,57.3,16.8,8.00,6,0.625,2.50
2L8X6X9/16LLBB,LLBB,0,51.8,15.2,8.00,6,0.5625,2.48
2L8X6X9/16X3/8LLBB,LLBB,0.375,51.8,15.2,8.00,6,0.5625,2.48
2L8X6X9/16X3/4LLBB,LLBB,0.75,51.8,15.2,8.00,6,0.5625,2.48
2L8X6X1/2LLBB,LLBB,0,46.3,13.6,8.00,6,0.5,2.46
2L8X6X1/2X3/8LLBB,LLBB,0.375,46.3,13.6,8.00,6,0.5,2.46
2L8X6X1/2X3/4LLBB,LLBB,0.75,46.3,13.6,8.00,6,0.5,2.46
2L8X6X7/16LLBB,LLBB,0,40.7,12.0,8.00,6,0.4375,2.43
2L8X6X7/16X3/8LLBB,LLBB,0.375,40.7,12.0,8.00,6,0.4375,2.43
2L8X6X7/16X3/4LLBB,LLBB,0.75,40.7,12.0,8.00,6,0.4375,2.43
2L8X4X1LLBB,LLBB,0,75.2,22.1,8.00,4,1,3.03
2L8X4X1X3/8LLBB,LLBB,0.375,75.2,22.1,8.00,4,1,3.03
2L8X4X1X3/4LLBB,LLBB,0.75,75.2,22.1,8.00,4,1,3.03
2L8X4X7/8LLBB,LLBB,0,66.6,19.6,8.00,4,0.875,2.99
2L8X4X7/8X3/8LLBB,LLBB,0.375,66.6,19.6,8.00,4,0.875,2.99
2L8X4X7/8X3/4LLBB,LLBB,0.75,66.6,19.6,8.00,4,0.875,2.99
2L8X4X3/4LLBB,LLBB,0,57.8,17.0,8.00,4,0.75,2.94
2L8X4X3/4X3/8LLBB,LLBB,0.375,57.8,17.0,8.00,4,0.75,2.94
2L8X4X3/4X3/4LLBB,LLBB,0.75,57.8,17.0,8.00,4,0.75,2.94
2L8X4X5/8LLBB,LLBB,0,48.7,14.3,8.00,4,0.625,2.89
2L8X4X5/8X3/8LLBB,LLBB,0.375,48.7,14.3,8.00,4,0.625,2.89
2L8X4X5/8X3/4LLBB,LLBB,0.75,48.7,14.3,8.00,4,0.625,2.89
2L8X4X9/16LLBB,LLBB,0,44.1,13.0,8.00,4,0.5625,2.86
2L8X4X9/16X3/8LLBB,LLBB,0.375,44.1,13.0,8.00,4,0.5625,2.86
2L8X4X9/16X3/4LLBB,LLBB,0.75,44.1,13.0,8.00,4,0.5625,2.86
2L8X4X1/2LLBB,LLBB,0,39.5,11.6,8.00,4,0.5,2.84
2L8X4X1/2X3/8LLBB,LLBB,0.375,39.5,11.6,8.00,4,0.5,2.84
2L8X4X1/2X3/4LLBB,LLBB,0.75,39.5,11.6,8.00,4,0.5,2.84
2L8X4X7/16LLBB,LLBB,0,34.8,10.2,8.00,4,0.4375,2.81
2L8X4X7/16X3/8LLBB,LLBB,0.375,34.8,10.2,8.00,4,0.4375,2.81
2L8X4X7/16X3/4LLBB,LLBB,0.75,34.8,10.2,8.00,4,0.4375,2.81
2L7X4X3/4LLBB,LLBB,0,52.4,15.4,7.00,4,0.75,2.50
2L7X4X3/4X3/8LLBB,LLBB,0.375,52.4,15.4,7.00,4,0.75,2.50
2L7X4X3/4X3/4LLBB,LLBB,0.75,52.4,15.4,7.00,4,0.75,2.50
2L7X4X5/8LLBB,LLBB,0,44.2,13.0,7.00,4,0.625,2.45
2L7X4X5/8X3/8LLBB,LLBB,0.375,44.2,13.0,7.00,4,0.625,2.45
2L7X4X5/8X3/4LLBB,LLBB,0.75,44.2,13.0,7.00,4,0.625,2.45
2L7X4X1/2LLBB,LLBB,0,35.8,10.5,7.00,4,0.5,2.40
2L7X4X1/2X3/8LLBB,LLBB,0.375,35.8,10.5,7.00,4,0.5,2.40
2L7X4X1/2X3/4LLBB,LLBB,0.75,35.8,10.5,7.00,4,0.5,2.40
2L7X4X7/16LLBB,LLBB,0,31.5,9.27,7.00,4,0.4375,2.38
2L7X4X7/16X3/8LLBB,LLBB,0.375,31.5,9.27,7.00,4,0.4375,2.38
2L7X4X7/16X3/4LLBB,LLBB,0.75,31.5,9.27,7.00,4,0.4375,2.38
2L7X4X3/8LLBB,LLBB,0,27.2,8.00,7.00,4,0.375,2.35
2L7X4X3/8X3/8LLBB,LLBB,0.375,27.2,8.00,7.00,4,0.375,2.35
2L7X4X3/8X3/4LLBB,LLBB,0.75,27.2,8.00,7.00,4,0.375,2.35
2L6X4X7/8LLBB,LLBB,0,54.3,16.0,6.00,4,0.875,2.12
2L6X4X7/8X3/8LLBB,LLBB,0.375,54.3,16.0,6.00,4,0.875,2.12
2L6X4X7/8X3/4LLBB,LLBB,0.75,54.3,16.0,6.00,4,0.875,2.12
2L6X4X3/4LLBB,LLBB,0,47.2,13.9,6.00,4,0.75,2.07
2L6X4X3/4X3/8LLBB,LLBB,0.375,47.2,13.9,6.00,4,0.75,2.07
2L6X4X3/4X3/4LLBB,LLBB,0.75,47.2,13.9,6.00,4,0.75,2.07
2L6X4X5/8LLBB,LLBB,0,39.9,11.7,6.00,4,0.625,2.03
2L6X4X5/8X3/8LLBB,LLBB,0.375,39.9,11.7,6.00,4,0.625,2.03
2L6X4X5/8X3/4LLBB,LLBB,0.75,39.9,11.7,6.00,4,0.625,2.03
2L6X4X9/16LLBB,LLBB,0,36.1,10.6,6.00,4,0.5625,2.00
2L6X4X9/16X3/8LLBB,LLBB,0.375,36.1,10.6,6.00,4,0.5625,2.00
2L6X4X9/16X3/4LLBB,LLBB,0.75,36.1,10.6,6.00,4,0.5625,2.00
2L6X4X1/2LLBB,LLBB,0,32.3,9.50,6.00,4,0.5,1.98
2L6X4X1/2X3/8LLBB,LLBB,0.375,32.3,9.50,6.00,4,0.5,1.98
2L6X4X1/2X3/4LLBB,LLBB,0.75,32.3,9.50,6.00,4,0.5,1.98
2L6X4X7/16LLBB,LLBB,0,28.5,8.36,6.00,4,0.4375,1.95
2L6X4X7/16X3/8LLBB,LLBB,0.375,28.5,8.36,6.00,4,0.4375,1.95
2L6X4X7/16X3/4LLBB,LLBB,0.75,28.5,8.36,6.00,4,0.4375,1.95
2L6X4X3/8LLBB,LLBB,0,24.6,7.22,6.00,4,0.375,1.93
2L6X4X3/8X3/8LLBB,LLBB,0.375,24.6,7.22,6.00,4,0.375,1.93
2L6X4X3/8X3/4LLBB,LLBB,0.75,24.6,7.22,6.00,4,0.375,1.93
2L6X4X5/16LLBB,LLBB,0,20.6,6.05,6.00,4,0.3125,1.90
2L6X4X5/16X3/8LLBB,LLBB,0.375,20.6,6.05,6.00,4,0.3125,1.90
2L6X4X5/16X3/4LLBB,LLBB,0.75,20.6,6.05,6.00,4,0.3125,1.90
2L6X3-1/2X1/2LLBB,LLBB,0,30.7,9.04,6.00,3.5,0.5,2.07
2L6X3-1/2X1/2X3/8LLBB,LLBB,0.375,30.7,9.04,6.00,3.5,0.5,2.07
2L6X3-1/2X1/2X3/4LLBB,LLBB,0.75,30.7,9.04,6.00,3.5,0.5,2.07
2L6X3-1/2X3/8LLBB,LLBB,0,23.4,6.88,6.00,3.5,0.375,2.02
2L6X3-1/2X3/8X3/8LLBB,LLBB,0.375,23.4,6.88,6.00,3.5,0.375,2.02
2L6X3-1/2X3/8X3/4LLBB,LLBB,0.75,23.4,6.88,6.00,3.5,0.375,2.02
2L6X3-1/2X5/16LLBB,LLBB,0,19.7,5.78,6.00,3.5,0.3125,2.00
2L6X3-1/2X5/16X3/8LLBB,LLBB,0.375,19.7,5.78,6.00,3.5,0.3125,2.00
2L6X3-1/2X5/16X3/4LLBB,LLBB,0.75,19.7,5.78,6.00,3.5,0.3125,2.00
2L5X3-1/2X3/4LLBB,LLBB,0,39.6,11.6,5.00,3.5,0.75,1.74
2L5X3-1/2X3/4X3/8LLBB,LLBB,0.375,39.6,11.6,5.00,3.5,0.75,1.74
2L5X3-1/2X3/4X3/4LLBB,LLBB,0.75,39.6,11.6,5.00,3.5,0.75,1.74
2L5X3-1/2X5/8LLBB,LLBB,0,33.5,9.85,5.00,3.5,0.625,1.69
2L5X3-1/2X5/8X3/8LLBB,LLBB,0.375,33.5,9.85,5.00,3.5,0.625,1.69
2L5X3-1/2X5/8X3/4LLBB,LLBB,0.75,33.5,9.85,5.00,3.5,0.625,1.69
2L5X3-1/2X1/2LLBB,LLBB,0,27.2,8.01,5.00,3.5,0.5,1.65
2L5X3-1/2X1/2X3/8LLBB,LLBB,0.375,27.2,8.01,5.00,3.5,0.5,1.65
2L5X3-1/2X1/2X3/4LLBB,LLBB,0.75,27.2,8.01,5.00,3.5,0.5,1.65
2L5X3-1/2X3/8LLBB,LLBB,0,20.8,6.10,5.00,3.5,0.375,1.60
2L5X3-1/2X3/8X3/8LLBB,LLBB,0.375,20.8,6.10,5.00,3.5,0.375,1.60
2L5X3-1/2X3/8X3/4LLBB,LLBB,0.75,20.8,6.10,5.00,3.5,0.375,1.60
2L5X3-1/2X5/16LLBB,LLBB,0,17.4,5.12,5.00,3.5,0.3125,1.57
2L5X3-1/2X5/16X3/8LLBB,LLBB,0.375,17.4,5.12,5.00,3.5,0.3125,1.57
2L5X3-1/2X5/16X3/4LLBB,LLBB,0.75,17.4,5.12,5.00,3.5,0.3125,1.57
2L5X3-1/2X1/4LLBB,LLBB,0,14.1,4.13,5.00,3.5,0.25,1.55
2L5X3-1/2X1/4X3/8LLBB,LLBB,0.375,14.1,4.13,5.00,3.5,0.25,1.55
2L5X3-1/2X1/4X3/4LLBB,LLBB,0.75,14.1,4.13,5.00,3.5,0.25,1.55
2L5X3X1/2LLBB,LLBB,0,25.5,7.51,5.00,3,0.5,1.74
2L5X3X1/2X3/8LLBB,LLBB,0.375,25.5,7.51,5.00,3,0.5,1.74
2L5X3X1/2X3/4LLBB,LLBB,0.75,25.5,7.51,5.00,3,0.5,1.74
2L5X3X7/16LLBB,LLBB,0,22.5,6.62,5.00,3,0.4375,1.72
2L5X3X7/16X3/8LLBB,LLBB,0.375,22.5,6.62,5.00,3,0.4375,1.72
2L5X3X7/16X3/4LLBB,LLBB,0.75,22.5,6.62,5.00,3,0.4375,1.72
2L5X3X3/8LLBB,LLBB,0,19.5,5.73,5.00,3,0.375,1.69
2L5X3X3/8X3/8LLBB,LLBB,0.375,19.5,5.73,5.00,3,0.375,1.69
2L5X3X3/8X3/4LLBB,LLBB,0.75,19.5,5.73,5.00,3,0.375,1.69
2L5X3X5/16LLBB,LLBB,0,16.4,4.81,5.00,3,0.3125,1.67
2L5X3X5/16X3/8LLBB,LLBB,0.375,16.4,4.81,5.00,3,0.3125,1.67
2L5X3X5/16X3/4LLBB,LLBB,0.75,16.4,4.81,5.00,3,0.3125,1.67
2L5X3X1/4LLBB,LLBB,0,13.2,3.88,5.00,3,0.25,1.64
2L5X3X1/4X3/8LLBB,LLBB,0.375,13.2,3.88,5.00,3,0.25,1.64
2L5X3X1/4X3/4LLBB,LLBB,0.75,13.2,3.88,5.00,3,0.25,1.64
2L4X3-1/2X1/2LLBB,LLBB,0,23.8,7.01,4.00,3.5,0.5,1.24
2L4X3-1/2X1/2X3/8LLBB,LLBB,0.375,23.8,7.01,4.00,3.5,0.5,1.24
2L4X3-1/2X1/2X3/4LLBB,LLBB,0.75,23.8,7.01,4.00,3.5,0.5,1.24
2L4X3-1/2X3/8LLBB,LLBB,0,18.2,5.35,4.00,3.5,0.375,1.20
2L4X3-1/2X3/8X3/8LLBB,LLBB,0.375,18.2,5.35,4.00,3.5,0.375,1.20
2L4X3-1/2X3/8X3/4LLBB,LLBB,0.75,18.2,5.35,4.00,3.5,0.375,1.20
2L4X3-1/2X5/16LLBB,LLBB,0,15.3,4.50,4.00,3.5,0.3125,1.17
2L4X3-1/2X5/16X3/8LLBB,LLBB,0.375,15.3,4.50,4.00,3.5,0.3125,1.17
2L4X3-1/2X5/16X3/4LLBB,LLBB,0.75,15.3,4.50,4.00,3.5,0.3125,1.17
2L4X3-1/2X1/4LLBB,LLBB,0,12.4,3.63,4.00,3.5,0.25,1.14
2L4X3-1/2X1/4X3/8LLBB,LLBB,0.375,12.4,3.63,4.00,3.5,0.25,1.14
2L4X3-1/2X1/4X3/4LLBB,LLBB,0.75,12.4,3.63,4.00,3.5,0.25,1.14
2L4X3X5/8LLBB,LLBB,0,27.1,7.98,4.00,3,0.625,1.37
2L4X3X5/8X3/8LLBB,LLBB,0.375,27.1,7.98,4.00,3,0.625,1.37
2L4X3X5/8X3/4LLBB,LLBB,0.75,27.1,7.98,4.00,3,0.625,1.37
2L4X3X1/2LLBB,LLBB,0,22.1,6.51,4.00,3,0.5,1.32
2L4X3X1/2X3/8LLBB,LLBB,0.375,22.1,6.51,4.00,3,0.5,1.32
2L4X3X1/2X3/4LLBB,LLBB,0.75,22.1,6.51,4.00,3,0.5,1.32
2L4X3X3/8LLBB,LLBB,0,16.9,4.98,4.00,3,0.375,1.27
2L4X3X3/8X3/8LLBB,LLBB,0.375,16.9,4.98,4.00,3,0.375,1.27
2L4X3X3/8X3/4LLBB,LLBB,0.75,16.9,4.98,4.00,3,0.375,1.27
2L4X3X5/16LLBB,LLBB,0,14.2,4.19,4.00,3,0.3125,1.25
2L4X3X5/16X3/8LLBB,LLBB,0.375,14.2,4.19,4.00,3,0.3125,1.25
2L4X3X5/16X3/4LLBB,LLBB,0.75,14.2,4.19,4.00,3,0.3125,1.25
2L4X3X1/4LLBB,LLBB,0,11.5,3.38,4.00,3,0.25,1.22
2L4X3X1/4X3/8LLBB,LLBB,0.375,11.5,3.38,4.00,3,0.25,1.22
2L4X3X1/4X3/4LLBB,LLBB,0.75,11.5,3.38,4.00,3,0.25,1.22
2L3-1/2X3X1/2LLBB,LLBB,0,20.6,6.04,3.50,3,0.5,1.12
2L3-1/2X3X1/2X3/8LLBB,LLBB,0.375,20.6,6.04,3.50,3,0.5,1.12
2L3-1/2X3X1/2X3/4LLBB,LLBB,0.75,20.6,6.04,3.50,3,0.5,1.12
2L3-1/2X3X7/16LLBB,LLBB,0,18.2,5.34,3.50,3,0.4375,1.09
2L3-1/2X3X7/16X3/8LLBB,LLBB,0.375,18.2,5.34,3.50,3,0.4375,1.09
2L3-1/2X3X7/16X3/4LLBB,LLBB,0.75,18.2,5.34,3.50,3,0.4375,1.09
2L3-1/2X3X3/8LLBB,LLBB,0,15.8,4.63,3.50,3,0.375,1.07
2L3-1/2X3X3/8X3/8LLBB,LLBB,0.375,15.8,4.63,3.50,3,0.375,1.07
2L3-1/2X3X3/8X3/4LLBB,LLBB,0.75,15.8,4.63,3.50,3,0.375,1.07
2L3-1/2X3X5/16LLBB,LLBB,0,13.3,3.91,3.50,3,0.3125,1.05
2L3-1/2X3X5/16X3/8LLBB,LLBB,0.375,13.3,3.91,3.50,3,0.3125,1.05
2L3-1/2X3X5/16X3/4LLBB,LLBB,0.75,13.3,3.91,3.50,3,0.3125,1.05
2L3-1/2X3X1/4LLBB,LLBB,0,10.8,3.16,3.50,3,0.25,1.02
2L3-1/2X3X1/4X3/8LLBB,LLBB,0.375,10.8,3.16,3.50,3,0.25,1.02
2L3-1/2X3X1/4X3/4LLBB,LLBB,0.75,10.8,3.16,3.50,3,0.25,1.02
2L3-1/2X2-1/2X1/2LLBB,LLBB,0,18.8,5.53,3.50,2.5,0.5,1.20
2L3-1/2X2-1/2X1/2X3/8LLBB,LLBB,0.375,18.8,5.53,3.50,2.5,0.5,1.20
2L3-1/2X2-1/2X1/2X3/4LLBB,LLBB,0.75,18.8,5.53,3.50,2.5,0.5,1.20
2L3-1/2X2-1/2X3/8LLBB,LLBB,0,14.5,4.25,3.50,2.5,0.375,1.15
2L3-1/2X2-1/2X3/8X3/8LLBB,LLBB,0.375,14.5,4.25,3.50,2.5,0.375,1.15
2L3-1/2X2-1/2X3/8X3/4LLBB,LLBB,0.75,14.5,4.25,3.50,2.5,0.375,1.15
2L3-1/2X2-1/2X5/16LLBB,LLBB,0,12.2,3.58,3.50,2.5,0.3125,1.13
2L3-1/2X2-1/2X5/16X3/8LLBB,LLBB,0.375,12.2,3.58,3.50,2.5,0.3125,1.13
2L3-1/2X2-1/2X5/16X3/4LLBB,LLBB,0.75,12.2,3.58,3.50,2.5,0.3125,1.13
2L3-1/2X2-1/2X1/4LLBB,LLBB,0,9.88,2.90,3.50,2.5,0.25,1.10
2L3-1/2X2-1/2X1/4X3/8LLBB,LLBB,0.375,9.88,2.90,3.50,2.5,0.25,1.10
2L3-1/2X2-1/2X1/4X3/4LLBB,LLBB,0.75,9.88,2.90,3.50,2.5,0.25,1.10
2L3X2-1/2X1/2LLBB,LLBB,0,17.1,5.01,3.00,2.5,0.5,0.995
2L3X2-1/2X1/2X3/8LLBB,LLBB,0.375,17.1,5.01,3.00,2.5,0.5,0.995
2L3X2-1/2X1/2X3/4LLBB,LLBB,0.75,17.1,5.01,3.00,2.5,0.5,0.995
2L3X2-1/2X7/16LLBB,LLBB,0,15.1,4.44,3.00,2.5,0.4375,0.972
2L3X2-1/2X7/16X3/8LLBB,LLBB,0.375,15.1,4.44,3.00,2.5,0.4375,0.972
2L3X2-1/2X7/16X3/4LLBB,LLBB,0.75,15.1,4.44,3.00,2.5,0.4375,0.972
2L3X2-1/2X3/8LLBB,LLBB,0,13.1,3.86,3.00,2.5,0.375,0.949
2L3X2-1/2X3/8X3/8LLBB,LLBB,0.375,13.1,3.86,3.00,2.5,0.375,0.949
2L3X2-1/2X3/8X3/4LLBB,LLBB,0.75,13.1,3.86,3.00,2.5,0.375,0.949
2L3X2-1/2X5/16LLBB,LLBB,0,11.1,3.25,3.00,2.5,0.3125,0.925
2L3X2-1/2X5/16X3/8LLBB,LLBB,0.375,11.1,3.25,3.00,2.5,0.3125,0.925
2L3X2-1/2X5/16X3/4LLBB,LLBB,0.75,11.1,3.25,3.00,2.5,0.3125,0.925
2L3X2-1/2X1/4LLBB,LLBB,0,8.97,2.64,3.00,2.5,0.25,0.900
2L3X2-1/2X1/4X3/8LLBB,LLBB,0.375,8.97,2.64,3.00,2.5,0.25,0.900
2L3X2-1/2X1/4X3/4LLBB,LLBB,0.75,8.97,2.64,3.00,2.5,0.25,0.900
2L3X2-1/2X3/16LLBB,LLBB,0,6.82,2.00,3.00,2.5,0.1875,0.874
2L3X2-1/2X3/16X3/8LLBB,LLBB,0.375,6.82,2.00,3.00,2.5,0.1875,0.874
2L3X2-1/2X3/16X3/4LLBB,LLBB,0.75,6.82,2.00,3.00,2.5,0.1875,0.874
2L3X2X1/2LLBB,LLBB,0,15.4,4.53,3.00,2,0.5,1.08
2L3X2X1/2X3/8LLBB,LLBB,0.375,15.4,4.53,3.00,2,0.5,1.08
2L3X2X1/2X3/4LLBB,LLBB,0.75,15.4,4.53,3.00,2,0.5,1.08
2L3X2X3/8LLBB,LLBB,0,11.9,3.50,3.00,2,0.375,1.03
2L3X2X3/8X3/8LLBB,LLBB,0.375,11.9,3.50,3.00,2,0.375,1.03
2L3X2X3/8X3/4LLBB,LLBB,0.75,11.9,3.50,3.00,2,0.375,1.03
2L3X2X5/16LLBB,LLBB,0,10.1,2.96,3.00,2,0.3125,1.01
2L3X2X5/16X3/8LLBB,LLBB,0.375,10.1,2.96,3.00,2,0.3125,1.01
2L3X2X5/16X3/4LLBB,LLBB,0.75,10.1,2.96,3.00,2,0.3125,1.01
2L3X2X1/4LLBB,LLBB,0,8.18,2.40,3.00,2,0.25,0.980
2L3X2X1/4X3/8LLBB,LLBB,0.375,8.18,2.40,3.00,2,0.25,0.980
2L3X2X1/4X3/4LLBB,LLBB,0.75,8.18,2.40,3.00,2,0.25,0.980
2L3X2X3/16LLBB,LLBB,0,6.24,1.83,3.00,2,0.1875,0.952
2L3X2X3/16X3/8LLBB,LLBB,0.375,6.24,1.83,3.00,2,0.1875,0.952
2L3X2X3/16X3/4LLBB,LLBB,0.75,6.24,1.83,3.00,2,0.1875,0.952
2L2-1/2X2X3/8LLBB,LLBB,0,10.6,3.11,2.50,2,0.375,0.826
2L2-1/2X2X3/8X3/8LLBB,LLBB,0.375,10.6,3.11,2.50,2,0.375,0.826
2L2-1/2X2X3/8X3/4LLBB,LLBB,0.75,10.6,3.11,2.50,2,0.375,0.826
2L2-1/2X2X5/16LLBB,LLBB,0,8.97,2.64,2.50,2,0.3125,0.803
2L2-1/2X2X5/16X3/8LLBB,LLBB,0.375,8.97,2.64,2.50,2,0.3125,0.803
2L2-1/2X2X5/16X3/4LLBB,LLBB,0.75,8.97,2.64,2.50,2,0.3125,0.803
2L2-1/2X2X1/4LLBB,LLBB,0,7.30,2.14,2.50,2,0.25,0.779
2L2-1/2X2X1/4X3/8LLBB,LLBB,0.375,7.30,2.14,2.50,2,0.25,0.779
2L2-1/2X2X1/4X3/4LLBB,LLBB,0.75,7.30,2.14,2.50,2,0.25,0.779
2L2-1/2X2X3/16LLBB,LLBB,0,5.57,1.64,2.50,2,0.1875,0.754
2L2-1/2X2X3/16X3/8LLBB,LLBB,0.375,5.57,1.64,2.50,2,0.1875,0.754
2L2-1/2X2X3/16X3/4LLBB,LLBB,0.75,5.57,1.64,2.50,2,0.1875,0.754
2L8X6X1SLBB,SLBB,0,88.8,26.1,6.00,8,1,1.65
2L8X6X1X3/8SLBB,SLBB,0.375,88.8,26.1,6.00,8,1,1.65
2L8X6X1X3/4SLBB,SLBB,0.75,88.8,26.1,6.00,8,1,1.65
2L8X6X7/8SLBB,SLBB,0,78.5,23.1,6.00,8,0.875,1.60
2L8X6X7/8X3/8SLBB,SLBB,0.375,78.5,23.1,6.00,8,0.875,1.60
2L8X6X7/8X3/4SLBB,SLBB,0.75,78.5,23.1,6.00,8,0.875,1.60
2L8X6X3/4SLBB,SLBB,0,68.0,20.0,6.00,8,0.75,1.56
2L8X6X3/4X3/8SLBB,SLBB,0.375,68.0,20.0,6.00,8,0.75,1.56
2L8X6X3/4X3/4SLBB,SLBB,0.75,68.0,20.0,6.00,8,0.75,1.56
2L8X6X5/8SLBB,SLBB,0,57.3,16.8,6.00,8,0.625,1.51
2L8X6X5/8X3/8SLBB,SLBB,0.375,57.3,16.8,6.00,8,0.625,1.51
2L8X6X5/8X3/4SLBB,SLBB,0.75,57.3,16.8,6.00,8,0.625,1.51
2L8X6X9/16SLBB,SLBB,0,51.8,15.2,6.00,8,0.5625,1.49
2L8X6X9/16X3/8SLBB,SLBB,0.375,51.8,15.2,6.00,8,0.5625,1.49
2L8X6X9/16X3/4SLBB,SLBB,0.75,51.8,15.2,6.00,8,0.5625,1.49
2L8X6X1/2SLBB,SLBB,0,46.3,13.6,6.00,8,0.5,1.46
2L8X6X1/2X3/8SLBB,SLBB,0.375,46.3,13.6,6.00,8,0.5,1.46
2L8X6X1/2X3/4SLBB,SLBB,0.75,46.3,13.6,6.00,8,0.5,1.46
2L8X6X7/16SLBB,SLBB,0,40.7,12.0,6.00,8,0.4375,1.44
2L8X6X7/16X3/8SLBB,SLBB,0.375,40.7,12.0,6.00,8,0.4375,1.44
2L8X6X7/16X3/4SLBB,SLBB,0.75,40.7,12.0,6.00,8,0.4375,1.44
2L8X4X1SLBB,SLBB,0,75.2,22.1,4.00,8,1,1.04
2L8X4X1X3/8SLBB,SLBB,0.375,75.2,22.1,4.00,8,1,1.04
2L8X4X1X3/4SLBB,SLBB,0.75,75.2,22.1,4.00,8,1,1.04
2L8X4X7/8SLBB,SLBB,0,66.6,19.6,4.00,8,0.875,0.997
2L8X4X7/8X3/8SLBB,SLBB,0.375,66.6,19.6,4.00,8,0.875,0.997
2L8X4X7/8X3/4SLBB,SLBB,0.75,66.6,19.6,4.00,8,0.875,0.997
2L8X4X3/4SLBB,SLBB,0,57.8,17.0,4.00,8,0.75,0.949
2L8X4X3/4X3/8SLBB,SLBB,0.375,57.8,17.0,4.00,8,0.75,0.949
2L8X4X3/4X3/4SLBB,SLBB,0.75,57.8,17.0,4.00,8,0.75,0.949
2L8X4X5/8SLBB,SLBB,0,48.7,14.3,4.00,8,0.625,0.902
2L8X4X5/8X3/8SLBB,SLBB,0.375,48.7,14.3,4.00,8,0.625,0.902
2L8X4X5/8X3/4SLBB,SLBB,0.75,48.7,14.3,4.00,8,0.625,0.902
2L8X4X9/16SLBB,SLBB,0,44.1,13.0,4.00,8,0.5625,0.878
2L8X4X9/16X3/8SLBB,SLBB,0.375,44.1,13.0,4.00,8,0.5625,0.878
2L8X4X9/16X3/4SLBB,SLBB,0.75,44.1,13.0,4.00,8,0.5625,0.878
2L8X4X1/2SLBB,SLBB,0,39.5,11.6,4.00,8,0.5,0.854
2L8X4X1/2X3/8SLBB,SLBB,0.375,39.5,11.6,4.00,8,0.5,0.854
2L8X4X1/2X3/4SLBB,SLBB,0.75,39.5,11.6,4.00,8,0.5,0.854
2L8X4X7/16SLBB,SLBB,0,34.8,10.2,4.00,8,0.4375,0.829
2L8X4X7/16X3/8SLBB,SLBB,0.375,34.8,10.2,4.00,8,0.4375,0.829
2L8X4X7/16X3/4SLBB,SLBB,0.75,34.8,10.2,4.00,8,0.4375,0.829
2L7X4X3/4SLBB,SLBB,0,52.4,15.4,4.00,7,0.75,1.00
2L7X4X3/4X3/8SLBB,SLBB,0.375,52.4,15.4,4.00,7,0.75,1.00
2L7X4X3/4X3/4SLBB,SLBB,0.75,52.4,15.4,4.00,7,0.75,1.00
2L7X4X5/8SLBB,SLBB,0,44.2,13.0,4.00,7,0.625,0.958
2L7X4X5/8X3/8SLBB,SLBB,0.375,44.2,13.0,4.00,7,0.625,0.958
2L7X4X5/8X3/4SLBB,SLBB,0.75,44.2,13.0,4.00,7,0.625,0.958
2L7X4X1/2SLBB,SLBB,0,35.8,10.5,4.00,7,0.5,0.910
2L7X4X1/2X3/8SLBB,SLBB,0.375,35.8,10.5,4.00,7,0.5,0.910
2L7X4X1/2X3/4SLBB,SLBB,0.75,35.8,10.5,4.00,7,0.5,0.910
2L7X4X7/16SLBB,SLBB,0,31.5,9.27,4.00,7,0.4375,0.886
2L7X4X7/16X3/8SLBB,SLBB,0.375,31.5,9.27,4.00,7,0.4375,0.886
2L7X4X7/16X3/4SLBB,SLBB,0.75,31.5,9.27,4.00,7,0.4375,0.886
2L7X4X3/8SLBB,SLBB,0,27.2,8.00,4.00,7,0.375,0.861
2L7X4X3/8X3/8SLBB,SLBB,0.375,27.2,8.00,4.00,7,0.375,0.861
2L7X4X3/8X3/4SLBB,SLBB,0.75,27.2,8.00,4.00,7,0.375,0.861
2L6X4X7/8SLBB,SLBB,0,54.3,16.0,4.00,6,0.875,1.12
2L6X4X7/8X3/8SLBB,SLBB,0.375,54.3,16.0,4.00,6,0.875,1.12
2L6X4X7/8X3/4SLBB,SLBB,0.75,54.3,16.0,4.00,6,0.875,1.12
2L6X4X3/4SLBB,SLBB,0,47.2,13.9,4.00,6,0.75,1.07
2L6X4X3/4X3/8SLBB,SLBB,0.375,47.2,13.9,4.00,6,0.75,1.07
2L6X4X3/4X3/4SLBB,SLBB,0.75,47.2,13.9,4.00,6,0.75,1.07
2L6X4X5/8SLBB,SLBB,0,39.9,11.7,4.00,6,0.625,1.03
2L6X4X5/8X3/8SLBB,SLBB,0.375,39.9,11.7,4.00,6,0.625,1.03
2L6X4X5/8X3/4SLBB,SLBB,0.75,39.9,11.7,4.00,6,0.625,1.03
2L6X4X9/16SLBB,SLBB,0,36.1,10.6,4.00,6,0.5625,1.00
2L6X4X9/16X3/8SLBB,SLBB,0.375,36.1,10.6,4.00,6,0.5625,1.00
2L6X4X9/16X3/4SLBB,SLBB,0.75,36.1,10.6,4.00,6,0.5625,1.00
2L6X4X1/2SLBB,SLBB,0,32.3,9.50,4.00,6,0.5,0.981
2L6X4X1/2X3/8SLBB,SLBB,0.375,32.3,9.50,4.00,6,0.5,0.981
2L6X4X1/2X3/4SLBB,SLBB,0.75,32.3,9.50,4.00,6,0.5,0.981
2L6X4X7/16SLBB,SLBB,0,28.5,8.36,4.00,6,0.4375,0.957
2L6X4X7/16X3/8SLBB,SLBB,0.375,28.5,8.36,4.00,6,0.4375,0.957
2L6X4X7/16X3/4SLBB,SLBB,0.75,28.5,8.36,4.00,6,0.4375,0.957
2L6X4X3/8SLBB,SLBB,0,24.6,7.22,4.00,6,0.375,0.933
2L6X4X3/8X3/8SLBB,SLBB,0.375,24.6,7.22,4.00,6,0.375,0.933
2L6X4X3/8X3/4SLBB,SLBB,0.75,24.6,7.22,4.00,6,0.375,0.933
2L6X4X5/16SLBB,SLBB,0,20.6,6.05,4.00,6,0.3125,0.908
2L6X4X5/16X3/8SLBB,SLBB,0.375,20.6,6.05,4.00,6,0.3125,0.908
2L6X4X5/16X3/4SLBB,SLBB,0.75,20.6,6.05,4.00,6,0.3125,0.908
2L6X3-1/2X1/2SLBB,SLBB,0,30.7,9.04,3.50,6,0.5,0.829
2L6X3-1/2X1/2X3/8SLBB,SLBB,0.375,30.7,9.04,3.50,6,0.5,0.829
2L6X3-1/2X1/2X3/4SLBB,SLBB,0.75,30.7,9.04,3.50,6,0.5,0.829
2L6X3-1/2X3/8SLBB,SLBB,0,23.4,6.88,3.50,6,0.375,0.781
2L6X3-1/2X3/8X3/8SLBB,SLBB,0.375,23.4,6.88,3.50,6,0.375,0.781
2L6X3-1/2X3/8X3/4SLBB,SLBB,0.75,23.4,6.88,3.50,6,0.375,0.781
2L6X3-1/2X5/16SLBB,SLBB,0,19.7,5.78,3.50,6,0.3125,0.756
2L6X3-1/2X5/16X3/8SLBB,SLBB,0.375,19.7,5.78,3.50,6,0.3125,0.756
2L6X3-1/2X5/16X3/4SLBB,SLBB,0.75,19.7,5.78,3.50,6,0.3125,0.756
2L5X3-1/2X3/4SLBB,SLBB,0,39.6,11.6,3.50,5,0.75,0.993
2L5X3-1/2X3/4X3/8SLBB,SLBB,0.375,39.6,11.6,3.50,5,0.75,0.993
2L5X3-1/2X3/4X3/4SLBB,SLBB,0.75,39.6,11.6,3.50,5,0.75,0.993
2L5X3-1/2X5/8SLBB,SLBB,0,33.5,9.85,3.50,5,0.625,0.947
2L5X3-1/2X5/8X3/8SLBB,SLBB,0.375,33.5,9.85,3.50,5,0.625,0.947
2L5X3-1/2X5/8X3/4SLBB,SLBB,0.75,33.5,9.85,3.50,5,0.625,0.947
2L5X3-1/2X1/2SLBB,SLBB,0,27.2,8.01,3.50,5,0.5,0.901
2L5X3-1/2X1/2X3/8SLBB,SLBB,0.375,27.2,8.01,3.50,5,0.5,0.901
2L5X3-1/2X1/2X3/4SLBB,SLBB,0.75,27.2,8.01,3.50,5,0.5,0.901
2L5X3-1/2X3/8SLBB,SLBB,0,20.8,6.10,3.50,5,0.375,0.854
2L5X3-1/2X3/8X3/8SLBB,SLBB,0.375,20.8,6.10,3.50,5,0.375,0.854
2L5X3-1/2X3/8X3/4SLBB,SLBB,0.75,20.8,6.10,3.50,5,0.375,0.854
2L5X3-1/2X5/16SLBB,SLBB,0,17.4,5.12,3.50,5,0.3125,0.829
2L5X3-1/2X5/16X3/8SLBB,SLBB,0.375,17.4,5.12,3.50,5,0.3125,0.829
2L5X3-1/2X5/16X3/4SLBB,SLBB,0.75,17.4,5.12,3.50,5,0.3125,0.829
2L5X3-1/2X1/4SLBB,SLBB,0,14.1,4.13,3.50,5,0.25,0.804
2L5X3-1/2X1/4X3/8SLBB,SLBB,0.375,14.1,4.13,3.50,5,0.25,0.804
2L5X3-1/2X1/4X3/4SLBB,SLBB,0.75,14.1,4.13,3.50,5,0.25,0.804
2L5X3X1/2SLBB,SLBB,0,25.5,7.51,3.00,5,0.5,0.746
2L5X3X1/2X3/8SLBB,SLBB,0.375,25.5,7.51,3.00,5,0.5,0.746
2L5X3X1/2X3/4SLBB,SLBB,0.75,25.5,7.51,3.00,5,0.5,0.746
2L5X3X7/16SLBB,SLBB,0,22.5,6.62,3.00,5,0.4375,0.722
2L5X3X7/16X3/8SLBB,SLBB,0.375,22.5,6.62,3.00,5,0.4375,0.722
2L5X3X7/16X3/4SLBB,SLBB,0.75,22.5,6.62,3.00,5,0.4375,0.722
2L5X3X3/8SLBB,SLBB,0,19.5,5.73,3.00,5,0.375,0.698
2L5X3X3/8X3/8SLBB,SLBB,0.375,19.5,5.73,3.00,5,0.375,0.698
2L5X3X3/8X3/4SLBB,SLBB,0.75,19.5,5.73,3.00,5,0.375,0.698
2L5X3X5/16SLBB,SLBB,0,16.4,4.81,3.00,5,0.3125,0.673
2L5X3X5/16X3/8SLBB,SLBB,0.375,16.4,4.81,3.00,5,0.3125,0.673
2L5X3X5/16X3/4SLBB,SLBB,0.75,16.4,4.81,3.00,5,0.3125,0.673
2L5X3X1/4SLBB,SLBB,0,13.2,3.88,3.00,5,0.25,0.648
2L5X3X1/4X3/8SLBB,SLBB,0.375,13.2,3.88,3.00,5,0.25,0.648
2L5X3X1/4X3/4SLBB,SLBB,0.75,13.2,3.88,3.00,5,0.25,0.648
2L4X3-1/2X1/2SLBB,SLBB,0,23.8,7.01,3.50,4,0.5,0.994
2L4X3-1/2X1/2X3/8SLBB,SLBB,0.375,23.8,7.01,3.50,4,0.5,0.994
2L4X3-1/2X1/2X3/4SLBB,SLBB,0.75,23.8,7.01,3.50,4,0.5,0.994
2L4X3-1/2X3/8SLBB,SLBB,0,18.2,5.35,3.50,4,0.375,0.947
2L4X3-1/2X3/8X3/8SLBB,SLBB,0.375,18.2,5.35,3.50,4,0.375,0.947
2L4X3-1/2X3/8X3/4SLBB,SLBB,0.75,18.2,5.35,3.50,4,0.375,0.947
2L4X3-1/2X5/16SLBB,SLBB,0,15.3,4.50,3.50,4,0.3125,0.923
2L4X3-1/2X5/16X3/8SLBB,SLBB,0.375,15.3,4.50,3.50,4,0.3125,0.923
2L4X3-1/2X5/16X3/4SLBB,SLBB,0.75,15.3,4.50,3.50,4,0.3125,0.923
2L4X3-1/2X1/4SLBB,SLBB,0,12.4,3.63,3.50,4,0.25,0.897
2L4X3-1/2X1/4X3/8SLBB,SLBB,0.375,12.4,3.63,3.50,4,0.25,0.897
2L4X3-1/2X1/4X3/4SLBB,SLBB,0.75,12.4,3.63,3.50,4,0.25,0.897
2L4X3X5/8SLBB,SLBB,0,27.1,7.98,3.00,4,0.625,0.867
2L4X3X5/8X3/8SLBB,SLBB,0.375,27.1,7.98,3.00,4,0.625,0.867
2L4X3X5/8X3/4SLBB,SLBB,0.75,27.1,7.98,3.00,4,0.625,0.867
2L4X3X1/2SLBB,SLBB,0,22.1,6.51,3.00,4,0.5,0.822
2L4X3X1/2X3/8SLBB,SLBB,0.375,22.1,6.51,3.00,4,0.5,0.822
2L4X3X1/2X3/4SLBB,SLBB,0.75,22.1,6.51,3.00,4,0.5,0.822
2L4X3X3/8SLBB,SLBB,0,16.9,4.98,3.00,4,0.375,0.775
2L4X3X3/8X3/8SLBB,SLBB,0.375,16.9,4.98,3.00,4,0.375,0.775
2L4X3X3/8X3/4SLBB,SLBB,0.75,16.9,4.98,3.00,4,0.375,0.775
2L4X3X5/16SLBB,SLBB,0,14.2,4.19,3.00,4,0.3125,0.750
2L4X3X5/16X3/8SLBB,SLBB,0.375,14.2,4.19,3.00,4,0.3125,0.750
2L4X3X5/16X3/4SLBB,SLBB,0.75,14.2,4.19,3.00,4,0.3125,0.750
2L4X3X1/4SLBB,SLBB,0,11.5,3.38,3.00,4,0.25,0.725
2L4X3X1/4X3/8SLBB,SLBB,0.375,11.5,3.38,3.00,4,0.25,0.725
2L4X3X1/4X3/4SLBB,SLBB,0.75,11.5,3.38,3.00,4,0.25,0.725
2L3-1/2X3X1/2SLBB,SLBB,0,20.6,6.04,3.00,3.5,0.5,0.869
2L3-1/2X3X1/2X3/8SLBB,SLBB,0.375,20.6,6.04,3.00,3.5,0.5,0.869
2L3-1/2X3X1/2X3/4SLBB,SLBB,0.75,20.6,6.04,3.00,3.5,0.5,0.869
2L3-1/2X3X7/16SLBB,SLBB,0,18.2,5.34,3.00,3.5,0.4375,0.846
2L3-1/2X3X7/16X3/8SLBB,SLBB,0.375,18.2,5.34,3.00,3.5,0.4375,0.846
2L3-1/2X3X7/16X3/4SLBB,SLBB,0.75,18.2,5.34,3.00,3.5,0.4375,0.846
2L3-1/2X3X3/8SLBB,SLBB,0,15.8,4.63,3.00,3.5,0.375,0.823
2L3-1/2X3X3/8X3/8SLBB,SLBB,0.375,15.8,4.63,3.00,3.5,0.375,0.823
2L3-1/2X3X3/8X3/4SLBB,SLBB,0.75,15.8,4.63,3.00,3.5,0.375,0.823
2L3-1/2X3X5/16SLBB,SLBB,0,13.3,3.91,3.00,3.5,0.3125,0.798
2L3-1/2X3X5/16X3/8SLBB,SLBB,0.375,13.3,3.91,3.00,3.5,0.3125,0.798
2L3-1/2X3X5/16X3/4SLBB,SLBB,0.75,13.3,3.91,3.00,3.5,0.3125,0.798
2L3-1/2X3X1/4SLBB,SLBB,0,10.8,3.16,3.00,3.5,0.25,0.773
2L3-1/2X3X1/4X3/8SLBB,SLBB,0.375,10.8,3.16,3.00,3.5,0.25,0.773
2L3-1/2X3X1/4X3/4SLBB,SLBB,0.75,10.8,3.16,3.00,3.5,0.25,0.773
2L3-1/2X2-1/2X1/2SLBB,SLBB,0,18.8,5.53,2.50,3.5,0.5,0.701
2L3-1/2X2-1/2X1/2X3/8SLBB,SLBB,0.375,18.8,5.53,2.50,3.5,0.5,0.701
2L3-1/2X2-1/2X1/2X3/4SLBB,SLBB,0.75,18.8,5.53,2.50,3.5,0.5,0.701
2L3-1/2X2-1/2X3/8SLBB,SLBB,0,14.5,4.25,2.50,3.5,0.375,0.655
2L3-1/2X2-1/2X3/8X3/8SLBB,SLBB,0.375,14.5,4.25,2.50,3.5,0.375,0.655
2L3-1/2X2-1/2X3/8X3/4SLBB,SLBB,0.75,14.5,4.25,2.50,3.5,0.375,0.655
2L3-1/2X2-1/2X5/16SLBB,SLBB,0,12.2,3.58,2.50,3.5,0.3125,0.632
2L3-1/2X2-1/2X5/16X3/8SLBB,SLBB,0.375,12.2,3.58,2.50,3.5,0.3125,0.632
2L3-1/2X2-1/2X5/16X3/4SLBB,SLBB,0.75,12.2,3.58,2.50,3.5,0.3125,0.632
2L3-1/2X2-1/2X1/4SLBB,SLBB,0,9.88,2.90,2.50,3.5,0.25,0.607
2L3-1/2X2-1/2X1/4X3/8SLBB,SLBB,0.375,9.88,2.90,2.50,3.5,0.25,0.607
2L3-1/2X2-1/2X1/4X3/4SLBB,SLBB,0.75,9.88,2.90,2.50,3.5,0.25,0.607
2L3X2-1/2X1/2SLBB,SLBB,0,17.1,5.01,2.50,3,0.5,0.746
2L3X2-1/2X1/2X3/8SLBB,SLBB,0.375,17.1,5.01,2.50,3,0.5,0.746
2L3X2-1/21/2X3/4SLBB,SLBB,0.75,17.1,5.01,2.50,3,0.5,0.746
2L3X2-1/2X7/16SLBB,SLBB,0,15.1,4.44,2.50,3,0.4375,0.724
2L3X2-1/2X7/16X3/8SLBB,SLBB,0.375,15.1,4.44,2.50,3,0.4375,0.724
2L3X2-1/2X7/16X3/4SLBB,SLBB,0.75,15.1,4.44,2.50,3,0.4375,0.724
2L3X2-1/2X3/8SLBB,SLBB,0,13.1,3.86,2.50,3,0.375,0.701
2L3X2-1/2X3/8X3/8SLBB,SLBB,0.375,13.1,3.86,2.50,3,0.375,0.701
2L3X2-1/2X3/8X3/4SLBB,SLBB,0.75,13.1,3.86,2.50,3,0.375,0.701
2L3X2-1/2X5/16SLBB,SLBB,0,11.1,3.25,2.50,3,0.3125,0.677
2L3X2-1/2X5/16X3/8SLBB,SLBB,0.375,11.1,3.25,2.50,3,0.3125,0.677
2L3X2-1/2X5/16X3/4SLBB,SLBB,0.75,11.1,3.25,2.50,3,0.3125,0.677
2L3X2-1/2X1/4SLBB,SLBB,0,8.97,2.64,2.50,3,0.25,0.653
2L3X2-1/2X1/4X3/8SLBB,SLBB,0.375,8.97,2.64,2.50,3,0.25,0.653
2L3X2-1/2X1/4X3/4SLBB,SLBB,0.75,8.97,2.64,2.50,3,0.25,0.653
2L3X2-1/2X3/16SLBB,SLBB,0,6.82,2.00,2.50,3,0.1875,0.627
2L3X2-1/2X3/16X3/8SLBB,SLBB,0.375,6.82,2.00,2.50,3,0.1875,0.627
2L3X2-1/2X3/16X3/4SLBB,SLBB,0.75,6.82,2.00,2.50,3,0.1875,0.627
2L3X2X1/2SLBB,SLBB,0,15.4,4.53,2.00,3,0.5,0.580
2L3X2X1/2X3/8SLBB,SLBB,0.375,15.4,4.53,2.00,3,0.5,0.580
2L3X2X1/2X3/4SLBB,SLBB,0.75,15.4,4.53,2.00,3,0.5,0.580
2L3X2X3/8SLBB,SLBB,0,11.9,3.50,2.00,3,0.375,0.535
2L3X2X3/8X3/8SLBB,SLBB,0.375,11.9,3.50,2.00,3,0.375,0.535
2L3X2X3/8X3/4SLBB,SLBB,0.75,11.9,3.50,2.00,3,0.375,0.535
2L3X2X5/16SLBB,SLBB,0,10.1,2.96,2.00,3,0.3125,0.511
2L3X2X5/16X3/8SLBB,SLBB,0.375,10.1,2.96,2.00,3,0.3125,0.511
2L3X2X5/16X3/4SLBB,SLBB,0.75,10.1,2.96,2.00,3,0.3125,0.511
2L3X2X1/4SLBB,SLBB,0,8.18,2.40,2.00,3,0.25,0.487
2L3X2X1/4X3/8SLBB,SLBB,0.375,8.18,2.40,2.00,3,0.25,0.487
2L3X2X1/4X3/4SLBB,SLBB,0.75,8.18,2.40,2.00,3,0.25,0.487
2L3X2X3/16SLBB,SLBB,0,6.24,1.83,2.00,3,0.1875,0.462
2L3X2X3/16X3/8SLBB,SLBB,0.375,6.24,1.83,2.00,3,0.1875,0.462
2L3X2X3/16X3/4SLBB,SLBB,0.75,6.24,1.83,2.00,3,0.1875,0.462
2L2-1/2X2X3/8SLBB,SLBB,0,10.6,3.11,2.00,2.5,0.375,0.578
2L2-1/2X2X3/8X3/8SLBB,SLBB,0.375,10.6,3.11,2.00,2.5,0.375,0.578
2L2-1/2X2X3/8X3/4SLBB,SLBB,0.75,10.6,3.11,2.00,2.5,0.375,0.578
2L2-1/2X2X5/16SLBB,SLBB,0,8.97,2.64,2.00,2.5,0.3125,0.555
2L2-1/2X2X5/16X3/8SLBB,SLBB,0.375,8.97,2.64,2.00,2.5,0.3125,0.555
2L2-1/2X2X5/16X3/4SLBB,SLBB,0.75,8.97,2.64,2.00,2.5,0.3125,0.555
2L2-1/2X2X1/4SLBB,SLBB,0,7.30,2.14,2.00,2.5,0.25,0.532
2L2-1/2X2X1/4X3/8SLBB,SLBB,0.375,7.30,2.14,2.00,2.5,0.25,0.532
2L2-1/2X2X1/4X3/4SLBB,SLBB,0.75,7.30,2.14,2.00,2.5,0.25,0.532
2L2-1/2X2X3/16SLBB,SLBB,0,5.57,1.64,2.00,2.5,0.1875,0.508
2L2-1/2X2X3/16X3/8SLBB,SLBB,0.375,5.57,1.64,2.00,2.5,0.1875,0.508
2L2-1/2X2X3/16X3/4SLBB,SLBB,0.75,5.57,1.64,2.00,2.5,0.1875,0.508
