,W##other##,A##area##inches,d##length##inches,bf##length##inches,tw##length##inches,tf##length##inches,k##length##inches
WT22X167.5,168,49.2,22.0,15.9,1.03,1.77,2.625
WT22X145,145,42.7,21.8,15.8,0.865,1.58,2.4375
WT22X131,131,38.4,21.7,15.8,0.785,1.42,2.250
WT22X115,115,33.8,21.5,15.8,0.710,1.22,2.0625
WT20X296.5,296,87.2,21.5,16.7,1.79,3.23,4.500
WT20X251.5,252,73.9,21.0,16.4,1.54,2.76,4.000
WT20X215.5,215,63.4,20.6,16.2,1.34,2.36,3.625
WT20X198.5,198,58.4,20.5,16.1,1.22,2.20,3.500
WT20X186,186,54.6,20.3,16.1,1.16,2.05,3.3125
WT20X181,181,53.3,20.3,16.0,1.12,2.01,3.250
WT20X162,162,47.7,20.1,15.9,1.00,1.81,3.0625
WT20X148.5,148,43.7,19.9,15.8,0.930,1.65,2.9375
WT20X138.5,138,40.7,19.8,15.8,0.830,1.58,2.875
WT20X124.5,125,36.7,19.7,15.8,0.750,1.42,2.6875
WT20X107.5,108,31.7,19.5,15.8,0.650,1.22,2.500
WT20X99.5,100,29.2,19.3,15.8,0.650,1.07,2.3125
WT20X196,196,57.6,20.8,12.4,1.42,2.52,3.8125
WT20X165.5,166,48.7,20.4,12.2,1.22,2.13,3.375
WT20X163.5,164,48.0,20.4,12.1,1.18,2.13,3.375
WT20X147,147,43.1,20.2,12.0,1.06,1.93,3.1875
WT20X139,139,41.0,20.1,12.0,1.03,1.81,3.0625
WT20X132,132,38.8,20.0,11.9,0.960,1.73,3.000
WT20X117.5,118,34.5,19.8,11.9,0.830,1.58,2.875
WT20X105.5,106,31.0,19.7,11.8,0.750,1.42,2.6875
WT20X91.5,91.5,26.7,19.5,11.8,0.650,1.20,2.500
WT20X83.5,83.5,24.6,19.3,11.8,0.650,1.03,2.3125
WT20X74.5,74.5,21.9,19.1,11.8,0.630,0.830,2.125
WT18X400,400,118,21.0,18.0,2.38,4.29,5.5625
WT18X326,325,96.1,20.2,17.6,1.97,3.54,4.8125
WT18X264.5,264,77.8,19.6,17.2,1.61,2.91,4.1875
WT18X243.5,244,71.7,19.7,17.1,1.50,2.68,4.000
WT18X220.5,220,64.9,19.1,17.0,1.36,2.44,3.6875
WT18X197.5,198,58.2,18.9,16.8,1.22,2.20,3.4375
WT18X180.5,180,53.0,18.7,16.7,1.12,2.01,3.250
WT18X165,165,48.5,18.5,16.6,1.02,1.85,3.125
WT18X151,151,44.4,18.4,16.7,0.945,1.68,2.9375
WT18X141,141,41.5,18.3,16.6,0.885,1.57,2.8125
WT18X131,131,38.5,18.1,16.6,0.840,1.44,2.6875
WT18X123.5,124,36.3,18.0,16.5,0.800,1.35,2.625
WT18X116,116,34.5,18.6,12.1,0.870,1.57,2.4375
WT18X128,128,37.7,18.7,12.2,0.960,1.73,2.625
WT18X115.5,116,34.1,18.6,12.1,0.870,1.57,2.4375
WT18X105,105,30.9,18.3,12.2,0.830,1.36,2.3125
WT18X97,97.0,28.5,18.2,12.1,0.765,1.26,2.1875
WT18X91,91.0,26.8,18.2,12.1,0.725,1.18,2.125
WT18X85,85.0,25.0,18.1,12.0,0.680,1.10,2.000
WT18X80,80.0,23.5,18.0,12.0,0.650,1.02,1.9375
WT18X75,75.0,22.1,17.9,12.0,0.625,0.940,1.875
WT18X67.5,67.5,19.9,17.8,12.0,0.600,0.790,1.6875
WT16.5X193.5,194,57.0,18.0,16.2,1.26,2.28,3.1875
WT16.5X177,177,52.1,17.8,16.1,1.16,2.09,2.9375
WT16.5X159,159,46.8,17.6,16.0,1.04,1.89,2.750
WT16.5X145.5,146,42.8,17.4,15.9,0.960,1.73,2.625
WT16.5X131.5,132,38.7,17.3,15.8,0.870,1.57,2.4375
WT16.5X120.5,120,35.5,17.1,15.9,0.830,1.40,2.250
WT16.5X110.5,110,32.6,17.0,15.8,0.775,1.28,2.125
WT16.5X100.5,100,29.6,16.8,15.7,0.715,1.15,2.000
WT16.5X84.5,84.5,24.8,16.9,11.5,0.670,1.22,2.125
WT16.5X76,76.0,22.4,16.7,11.6,0.635,1.06,1.9375
WT16.5X70.5,70.5,20.8,16.7,11.5,0.605,0.960,1.8125
WT16.5X65,65.0,19.2,16.5,11.5,0.580,0.855,1.750
WT16.5X59,59.0,17.3,16.4,11.5,0.550,0.740,1.625
WT15X195.5,196,57.6,16.6,15.6,1.36,2.44,3.375
WT15X178.5,178,52.5,16.4,15.5,1.24,2.24,3.125
WT15X163,163,47.9,16.2,15.4,1.14,2.05,2.9375
WT15X146,146,42.9,16.0,15.3,1.02,1.85,2.750
WT15X130.5,130,38.4,15.8,15.2,0.930,1.65,2.5625
WT15X117.5,118,34.6,15.7,15.1,0.830,1.50,2.375
WT15X105.5,106,31.1,15.5,15.1,0.775,1.32,2.250
WT15X95.5,95.5,28.1,15.3,15.0,0.710,1.19,2.0625
WT15X86.5,86.5,25.5,15.2,15.0,0.655,1.07,2.000
WT15X74,74.0,21.7,15.3,10.5,0.650,1.18,2.0625
WT15X66,66.0,19.4,15.2,10.5,0.615,1.00,1.875
WT15X62,62.0,18.2,15.1,10.5,0.585,0.930,1.8125
WT15X58,58.0,17.1,15.0,10.5,0.565,0.850,1.750
WT15X54,54.0,15.9,14.9,10.5,0.545,0.760,1.6875
WT15X49.5,49.5,14.5,14.8,10.5,0.520,0.670,1.5625
WT15X45,45.0,13.2,14.8,10.4,0.470,0.610,1.500
WT13.5X269.5,270,79.3,16.3,15.3,1.97,3.54,4.4375
WT13.5X184,184,54.2,15.2,14.7,1.38,2.48,3.375
WT13.5X168,168,49.5,15.0,14.6,1.26,2.28,3.1875
WT13.5X153.5,154,45.2,14.8,14.4,1.16,2.09,3.000
WT13.5X140.5,140,41.4,14.6,14.4,1.06,1.93,2.8125
WT13.5X129,129,38.0,14.5,14.3,0.980,1.77,2.6875
WT13.5X117.5,118,34.7,14.3,14.2,0.910,1.61,2.500
WT13.5X108.5,108,32.0,14.2,14.1,0.830,1.50,2.375
WT13.5X97,97.0,28.6,14.1,14.0,0.750,1.34,2.250
WT13.5X89,89.0,26.2,13.9,14.1,0.725,1.19,2.0625
WT13.5X80.5,80.5,23.8,13.8,14.0,0.660,1.08,2.000
WT13.5X73,73.0,21.6,13.7,14.0,0.605,0.975,1.875
WT13.5X64.5,64.5,18.9,13.8,10.0,0.610,1.10,2.000
WT13.5X57,57.0,16.8,13.6,10.1,0.570,0.930,1.8125
WT13.5X51,51.0,15.0,13.5,10.0,0.515,0.830,1.750
WT13.5X47,47.0,13.8,13.5,10.0,0.490,0.745,1.625
WT13.5X42,42.0,12.4,13.4,10.0,0.460,0.640,1.5625
WT12X185,185,54.4,14.0,13.7,1.52,2.72,3.625
WT12X167.5,168,49.2,13.8,13.5,1.38,2.48,3.375
WT12X153,153,44.9,13.6,13.4,1.26,2.28,3.1875
WT12X139.5,140,41.0,13.4,13.3,1.16,2.09,3.000
WT12X125,125,36.8,13.2,13.2,1.04,1.89,2.8125
WT12X114.5,114,33.6,13.0,13.1,0.960,1.73,2.625
WT12X103.5,103,30.4,12.9,13.0,0.870,1.57,2.500
WT12X96,96.0,28.1,12.7,13.0,0.810,1.46,2.375
WT12X88,88.0,25.8,12.6,12.9,0.750,1.34,2.250
WT12X81,81.0,23.9,12.5,13.0,0.705,1.22,2.125
WT12X73,73.0,21.5,12.4,12.9,0.650,1.09,2.000
WT12X65.5,65.5,19.3,12.2,12.9,0.605,0.960,1.875
WT12X58.5,58.5,17.2,12.1,12.8,0.550,0.850,1.750
WT12X52,52.0,15.3,12.0,12.8,0.500,0.750,1.625
WT12X51.5,51.5,15.1,12.3,9.00,0.550,0.980,1.875
WT12X47,47.0,13.8,12.2,9.07,0.515,0.875,1.750
WT12X42,42.0,12.4,12.1,9.02,0.470,0.770,1.6875
WT12X38,38.0,11.2,12.0,8.99,0.440,0.680,1.5625
WT12X34,34.0,10.0,11.9,8.97,0.415,0.585,1.500
WT12X31,31.0,9.11,11.9,7.04,0.430,0.590,1.500
WT12X27.5,27.5,8.10,11.8,7.01,0.395,0.505,1.4375
WT10.5X100.5,100,29.6,11.5,12.6,0.910,1.63,2.500
WT10.5X91,91.0,26.8,11.4,12.5,0.830,1.48,2.375
WT10.5X83,83.0,24.4,11.2,12.4,0.750,1.36,2.250
WT10.5X73.5,73.5,21.6,11.0,12.5,0.720,1.15,2.000
WT10.5X66,66.0,19.4,10.9,12.4,0.650,1.04,1.9375
WT10.5X61,61.0,17.9,10.8,12.4,0.600,0.960,1.8125
WT10.5X55.5,55.5,16.3,10.8,12.3,0.550,0.875,1.750
WT10.5X50.5,50.5,14.9,10.7,12.3,0.500,0.800,1.6875
WT10.5X46.5,46.5,13.7,10.8,8.42,0.580,0.930,1.625
WT10.5X41.5,41.5,12.2,10.7,8.36,0.515,0.835,1.500
WT10.5X36.5,36.5,10.7,10.6,8.30,0.455,0.740,1.4375
WT10.5X34,34.0,10.0,10.6,8.27,0.430,0.685,1.375
WT10.5X31,31.0,9.13,10.5,8.24,0.400,0.615,1.3125
WT10.5X27.5,27.5,8.10,10.4,8.22,0.375,0.522,1.1875
WT10.5X24,24.0,7.07,10.3,8.14,0.350,0.430,1.125
WT10.5X28.5,28.5,8.37,10.5,6.56,0.405,0.650,1.3125
WT10.5X25,25.0,7.36,10.4,6.53,0.380,0.535,1.250
WT10.5X22,22.0,6.49,10.3,6.50,0.350,0.450,1.125
WT9X155.5,156,45.8,11.2,12.0,1.52,2.74,3.4375
WT9X141.5,142,41.6,10.9,11.9,1.40,2.50,3.1875
WT9X129,129,37.9,10.7,11.8,1.28,2.30,3.000
WT9X117,117,34.4,10.5,11.7,1.16,2.11,2.750
WT9X105.5,106,31.1,10.3,11.6,1.06,1.91,2.5625
WT9X96,97.0,28.2,10.2,11.5,0.960,1.75,2.4375
WT9X87.5,87.5,25.7,10.0,11.4,0.890,1.59,2.4375
WT9X79,79.0,23.2,9.86,11.3,0.810,1.44,2.375
WT9X71.5,71.5,21.0,9.75,11.2,0.730,1.32,2.1875
WT9X65,65.0,19.1,9.63,11.2,0.670,1.20,2.0625
WT9X59.5,59.5,17.5,9.49,11.3,0.655,1.06,1.9375
WT9X53,53.0,15.6,9.37,11.2,0.590,0.940,1.8125
WT9X48.5,48.5,14.3,9.30,11.1,0.535,0.870,1.75
WT9X43,43.0,12.7,9.20,11.1,0.480,0.770,1.625
WT9X38,38.0,11.2,9.11,11.0,0.425,0.680,1.5625
WT9X35.5,35.5,10.4,9.24,7.64,0.495,0.810,1.500
WT9X32.5,32.5,9.55,9.18,7.59,0.450,0.750,1.4375
WT9X30,30.0,8.82,9.12,7.56,0.415,0.695,1.375
WT9X27.5,27.5,8.10,9.06,7.53,0.390,0.630,1.3125
WT9X25,25.0,7.33,9.00,7.50,0.355,0.570,1.250
WT9X23,23.0,6.77,9.03,6.06,0.360,0.605,1.250
WT9X20,20.0,5.88,8.95,6.02,0.315,0.525,1.1875
WT9X17.5,17.5,5.15,8.85,6.00,0.300,0.425,1.125
WT8X50,50.0,14.7,8.49,10.4,0.585,0.985,1.875
WT8X44.5,44.5,13.1,8.38,10.4,0.525,0.875,1.75
WT8X38.5,38.5,11.3,8.26,10.3,0.455,0.760,1.625
WT8X33.5,33.5,9.84,8.17,10.2,0.395,0.665,1.5625
WT8X28.5,28.5,8.39,8.22,7.12,0.430,0.715,1.375
WT8X25,25.0,7.37,8.13,7.07,0.380,0.630,1.3125
WT8X22.5,22.5,6.63,8.07,7.04,0.345,0.565,1.25
WT8X20,20.0,5.89,8.01,7.00,0.305,0.505,1.1875
WT8X18,18.0,5.29,7.93,6.99,0.295,0.430,1.125
WT8X15.5,15.5,4.56,7.94,5.53,0.275,0.440,1.125
WT8X13,13.0,3.84,7.85,5.50,0.250,0.345,1.0625
WT7X404 - Obsolete,404.0,119.00,11.40,18.60,3.74,5.12,6.438
WT7X365,365,107,11.2,17.9,3.07,4.91,6.1875
WT7X332.5,332,97.8,10.8,17.7,2.83,4.52,5.8125
WT7X302.5,302,88.9,10.5,17.4,2.60,4.16,5.4375
WT7X275,275,80.9,10.1,17.2,2.38,3.82,5.125
WT7X250,250,73.5,9.80,17.0,2.19,3.50,4.8125
WT7X227.5,228,66.9,9.51,16.8,2.02,3.21,4.500
WT7X213,213,62.6,9.34,16.7,1.88,3.04,4.3125
WT7X199,199,58.5,9.15,16.6,1.77,2.85,4.125
WT7X185,185,54.4,8.96,16.5,1.66,2.66,3.9375
WT7X171,171,50.3,8.77,16.4,1.54,2.47,3.750
WT7X155.5,156,45.7,8.56,16.2,1.41,2.26,3.5625
WT7X141.5,142,41.6,8.37,16.1,1.29,2.07,3.375
WT7X128.5,128,37.8,8.19,16.0,1.18,1.89,3.1875
WT7X116.5,116,34.2,8.02,15.9,1.07,1.72,3.000
WT7X105.5,106,31.0,7.86,15.8,0.980,1.56,2.875
WT7X96.5,96.5,28.4,7.74,15.7,0.890,1.44,2.750
WT7X88,88.0,25.9,7.61,15.7,0.830,1.31,2.625
WT7X79.5,79.5,23.4,7.49,15.6,0.745,1.19,2.500
WT7X72.5,72.5,21.3,7.39,15.5,0.680,1.09,2.375
WT7X66,66.0,19.4,7.33,14.7,0.645,1.03,2.3125
WT7X60,60.0,17.7,7.24,14.7,0.590,0.940,2.250
WT7X54.5,54.5,16.0,7.16,14.6,0.525,0.860,2.1875
WT7X49.5,49.5,14.6,7.08,14.6,0.485,0.780,2.0625
WT7X45,45.0,13.2,7.01,14.5,0.440,0.710,2.000
WT7X41,41.0,12.0,7.16,10.1,0.510,0.855,1.6875
WT7X37,37.0,10.9,7.09,10.1,0.450,0.785,1.625
WT7X34,34.0,10.0,7.02,10.0,0.415,0.720,1.5625
WT7X30.5,30.5,8.96,6.95,10.0,0.375,0.645,1.500
WT7X26.5,26.5,7.80,6.96,8.06,0.370,0.660,1.500
WT7X24,24.0,7.07,6.90,8.03,0.340,0.595,1.4375
WT7X21.5,21.5,6.31,6.83,8.00,0.305,0.530,1.375
WT7X19,19.0,5.58,7.05,6.77,0.310,0.515,1.250
WT7X17,17.0,5.00,6.99,6.75,0.285,0.455,1.1875
WT7X15,15.0,4.42,6.92,6.73,0.270,0.385,1.125
WT7X13,13.0,3.85,6.96,5.03,0.255,0.420,1.125
WT7X11,11.0,3.25,6.87,5.00,0.230,0.335,1.0625
WT6X168,168,49.4,8.41,13.4,1.78,2.96,3.875
WT6X152.5,152,44.8,8.16,13.2,1.63,2.71,3.625
WT6X139.5,140,41.0,7.93,13.1,1.53,2.47,3.375
WT6X126,126,37.0,7.71,13.0,1.40,2.25,3.125
WT6X115,115,33.9,7.53,12.9,1.29,2.07,2.9375
WT6X105,105,30.9,7.36,12.8,1.18,1.90,2.8125
WT6X95,95.0,27.9,7.19,12.7,1.06,1.74,2.625
WT6X85,85.0,25.0,7.02,12.6,0.960,1.56,2.4375
WT6X76,76.0,22.4,6.86,12.5,0.870,1.40,2.3125
WT6X68,68.0,20.0,6.71,12.4,0.790,1.25,2.125
WT6X60,60.0,17.6,6.56,12.3,0.710,1.11,2.000
WT6X53,53.0,15.6,6.45,12.2,0.610,0.990,1.875
WT6X48,48.0,14.1,6.36,12.2,0.550,0.900,1.8125
WT6X43.5,43.5,12.8,6.27,12.1,0.515,0.810,1.6875
WT6X39.5,39.5,11.6,6.19,12.1,0.470,0.735,1.625
WT6X36,36.0,10.6,6.13,12.0,0.430,0.670,1.5625
WT6X32.5,32.5,9.54,6.06,12.0,0.390,0.605,1.500
WT6X29,29.0,8.52,6.10,10.0,0.360,0.640,1.500
WT6X26.5,26.5,7.78,6.03,10.0,0.345,0.575,1.375
WT6X25,25.0,7.30,6.10,8.08,0.370,0.640,1.500
WT6X22.5,22.5,6.56,6.03,8.05,0.335,0.575,1.375
WT6X20,20.0,5.84,5.97,8.01,0.295,0.515,1.375
WT6X17.5,17.5,5.17,6.25,6.56,0.300,0.520,1.1875
WT6X15,15.0,4.40,6.17,6.52,0.260,0.440,1.125
WT6X13,13.0,3.82,6.11,6.49,0.230,0.380,1.0625
WT6X11,11.0,3.24,6.16,4.03,0.260,0.425,0.9375
WT6X9.5,9.50,2.79,6.08,4.01,0.235,0.350,0.875
WT6X8,8.00,2.36,6.00,3.99,0.220,0.265,0.8125
WT6X7,7.00,2.08,5.96,3.97,0.200,0.225,0.750
WT5X56,56.0,16.5,5.68,10.4,0.755,1.25,1.9375
WT5X50,50.0,14.7,5.55,10.3,0.680,1.12,1.8125
WT5X44,44.0,12.9,5.42,10.3,0.605,0.990,1.6875
WT5X38.5,38.5,11.3,5.30,10.2,0.530,0.870,1.5625
WT5X34,34.0,10.0,5.20,10.1,0.470,0.770,1.4375
WT5X30,30.0,8.82,5.11,10.1,0.420,0.680,1.375
WT5X27,27.0,7.91,5.05,10.0,0.370,0.615,1.3125
WT5X24.5,24.5,7.21,4.99,10.0,0.340,0.560,1.25
WT5X22.5,22.5,6.63,5.05,8.02,0.350,0.620,1.3125
WT5X19.5,19.5,5.73,4.96,7.99,0.315,0.530,1.1875
WT5X16.5,16.5,4.85,4.87,7.96,0.290,0.435,1.125
WT5X15,15.0,4.42,5.24,5.81,0.300,0.510,1.125
WT5X13,13.0,3.81,5.17,5.77,0.260,0.440,1.0625
WT5X11,11.0,3.24,5.09,5.75,0.240,0.360,0.9375
WT5X9.5,9.50,2.81,5.12,4.02,0.250,0.395,0.9375
WT5X8.5,8.50,2.50,5.06,4.01,0.240,0.330,0.875
WT5X7.5,7.50,2.21,5.00,4.00,0.230,0.270,0.8125
WT5X6,6.00,1.77,4.94,3.96,0.190,0.210,0.750
WT4X33.5,33.5,9.84,4.50,8.28,0.570,0.935,1.625
WT4X29,29.0,8.54,4.38,8.22,0.510,0.810,1.500
WT4X24,24.0,7.05,4.25,8.11,0.400,0.685,1.375
WT4X20,20.0,5.87,4.13,8.07,0.360,0.560,1.250
WT4X17.5,17.5,5.14,4.06,8.02,0.310,0.495,1.1875
WT4X15.5,15.5,4.56,4.00,8.00,0.285,0.435,1.125
WT4X14,14.0,4.12,4.03,6.54,0.285,0.465,0.9375
WT4X12,12.0,3.54,3.97,6.50,0.245,0.400,0.875
WT4X10.5,10.5,3.08,4.14,5.27,0.250,0.400,0.875
WT4X9,9.00,2.63,4.07,5.25,0.230,0.330,0.8125
WT4X7.5,7.50,2.22,4.06,4.02,0.245,0.315,0.8125
WT4X6.5,6.50,1.92,4.00,4.00,0.230,0.255,0.750
WT4X5,5.00,1.48,3.95,3.94,0.170,0.205,0.6875
WT3X12.5,12.5,3.67,3.19,6.08,0.320,0.455,0.9375
WT3X10,10.0,2.94,3.10,6.02,0.260,0.365,0.875
WT3X7.5,7.50,2.21,3.00,5.99,0.230,0.260,0.750
WT3X8,8.00,2.37,3.14,4.03,0.260,0.405,0.875
WT3X6,6.00,1.78,3.02,4.00,0.230,0.280,0.750
WT3X4.5,4.50,1.34,2.95,3.94,0.170,0.215,0.6875
WT3X4.25,4.25,1.26,2.92,3.94,0.170,0.195,0.6875
WT2.5X9.5,9.50,2.78,2.58,5.03,0.270,0.430,0.8125
WT2.5X8,8.00,2.35,2.51,5.00,0.240,0.360,0.750
WT2X6.5,6.50,1.91,2.08,4.06,0.280,0.345,0.750
