,Laminations##other##,A##area##inches,Sx##other##,Ix##other##,Sy##other##,Iy##other##,d##length##inches,b##length##inches
2.5x6,4,15.00,15.00,45.00,6.25,7.81,6,2.5
2.5x7.5,5,18.75,23.44,87.89,7.81,9.77,7.5,2.5
2.5x9,6,22.50,33.75,151.9,9.38,11.72,9,2.5
2.5x10.5,7,26.25,45.94,241.2,10.94,13.67,10.5,2.5
2.5x12,8,30.00,60.00,360.0,12.50,15.63,12,2.5
2.5x13.5,9,33.75,75.94,512.6,14.06,17.58,13.5,2.5
2.5x15,10,37.50,93.75,703.1,15.63,19.53,15,2.5
2.5x16.5,11,41.25,113.4,935.9,17.19,21.48,16.5,2.5
2.5x18,12,45.00,135.0,1215,18.75,23.44,18,2.5
2.5x19.5,13,48.75,158.4,1545,20.31,25.39,19.5,2.5
2.5x21,14,52.50,183.8,1929,21.88,27.34,21,2.5
2.5x22.5,15,56.25,210.9,2373,23.44,29.30,22.5,2.5
2.5x24,16,60.00,240.0,2880,25.00,31.25,24,2.5
2.5x25.5,17,63.75,270.9,3454,26.56,33.20,25.5,2.5
2.5x27,18,67.50,303.8,4101,28.13,35.16,27,2.5
3.125x6,4,18.75,18.75,56.25,9.77,15.26,6,3.125
3.125x7.5,5,23.44,29.30,109.9,12.21,19.07,7.5,3.125
3.125x9,6,28.13,42.19,189.8,14.65,22.9,9,3.125
3.125x10.5,7,32.81,57.42,301.5,17.09,26.70,10.5,3.125
3.125x12,8,37.50,75.00,450.0,19.53,30.52,12,3.125
3.125x13.5,9,42.19,94.92,640.7,21.97,34.33,13.5,3.125
3.125x15,10,46.88,117.2,878.9,24.41,38.15,15,3.125
3.125x16.5,11,51.56,141.8,1170,26.86,41.96,16.5,3.125
3.125x18,12,56.25,168.8,1519,29.30,45.78,18,3.125
3.125x19.5,13,60.94,198.0,1931,31.74,49.59,19.5,3.125
3.125x21,14,65.63,229.7,2412,34.18,53.41,21,3.125
3.125x22.5,15,70.31,263.7,2966,36.62,57.22,22.5,3.125
3.125x24,16,75.00,300.0,3600,39.06,61.04,24,3.125
3.125x25.5,17,79.69,338.7,4318,41.50,64.85,25.5,3.125
3.125x27,18,84.38,379.7,5126,43.95,68.66,27,3.125
5.125x6,4,30.75,30.75,92.3,26.27,67.31,6,5.125
5.125x7.5,5,38.44,48.05,180.2,32.83,84.13,7.5,5.125
5.125x9,6,46.13,69.19,311.3,39.40,101.0,9,5.125
5.125x10.5,7,53.81,94.17,494.4,45.96,117.8,10.5,5.125
5.125x12,8,61.50,123.0,738.0,52.53,134.6,12,5.125
5.125x13.5,9,69.19,155.7,1051,59.10,151.4,13.5,5.125
5.125x15,10,76.88,192.2,1441,65.66,168.3,15,5.125
5.125x16.5,11,84.56,232.5,1919,72.23,185.1,16.5,5.125
5.125x18,12,92.25,276.8,2491,78.80,201.9,18,5.125
5.125x19.5,13,99.94,324.8,3167,85.36,218.7,19.5,5.125
5.125x21,14,107.6,376.7,3955,91.93,235.6,21,5.125
5.125x22.5,15,115.3,432.4,4865,98.50,252.4,22.5,5.125
5.125x24,16,123.0,492.0,5904,105.1,269.2,24,5.125
5.125x25.5,17,130.7,555.4,7082,111.6,286.0,25.5,5.125
5.125x27,18,138.4,622.7,8406,118.2,302.9,27,5.125
5.125x28.5,19,146.1,693.8,9887,124.8,319.7,28.5,5.125
5.125x30,20,153.8,768.8,11531,131.3,336.5,30,5.125
5.125x31.5,21,161.4,847.5,13349,137.9,353.4,31.5,5.125
5.125x33,22,169.1,930.2,15348,144.5,370.2,33,5.125
5.125x34.5,23,176.8,1017,17538,151.0,387.0,34.5,5.125
5.125x36,24,184.5,1107,19926,157.6,403.8,36,5.125
6.75x7.5,5,50.63,63.28,237.3,56.95,192.2,7.5,6.75
6.75x9,6,60.75,91.13,410.1,68.34,230.7,9,6.75
6.75x10.5,7,70.88,124.0,651.2,79.73,269.1,10.5,6.75
6.75x12,8,81.00,162.0,972.0,91.13,307.5,12,6.75
6.75x13.5,9,91.13,205.0,1384,102.5,346.0,13.5,6.75
6.75x15,10,101.3,253.1,1898,113.9,384.4,15,6.75
6.75x16.5,11,111.4,306.3,2527,125.3,422.9,16.5,6.75
6.75x18,12,121.5,364.5,3281,136.7,461.3,18,6.75
6.75x19.5,13,131.6,427.8,4171,148.1,499.8,19.5,6.75
6.75x21,14,141.8,496.1,5209,159.5,538.2,21,6.75
6.75x22.5,15,151.9,569.5,6407,170.9,576.7,22.5,6.75
6.75x24,16,162.0,648.0,7776,182.3,615.1,24,6.75
6.75x25.5,17,172.1,731.5,9327,193.6,653.5,25.5,6.75
6.75x27,18,182.3,820.1,11072,205.0,692.0,27,6.75
6.75x28.5,19,192.4,913.8,13021,216.4,730.4,28.5,6.75
6.75x30,20,202.5,1013,15188,227.8,768.9,30,6.75
6.75x31.5,21,212.6,1116,17581,239.2,807.3,31.5,6.75
6.75x33,22,222.8,1225,20215,250.6,845.8,33,6.75
6.75x34.5,23,232.9,1339,23098,262.0,884.2,34.5,6.75
6.75x36,24,243.0,1458,26244,273.4,922.6,36,6.75
6.75x37.5,25,253.1,1582,29663,284.8,961.1,37.5,6.75
6.75x39,26,263.3,1711,33367,296.2,999.5,39,6.75
6.75x40.5,27,273.4,1845,37367,307.5,1038,40.5,6.75
6.75x42,28,283.5,1985,41675,318.9,1076,42,6.75
6.75x43.5,29,293.6,2129,46301,330.3,1115,43.5,6.75
6.75x45,30,303.8,2278,51258,341.7,1153,45,6.75
6.75x46.5,31,313.9,2433,56556,353.1,1192,46.5,6.75
6.75x48,32,324.0,2592,62208,364.5,1230,48,6.75
8.75x9,6,78.8,118.1,531.6,114.8,502.4,9,8.75
8.75x10.5,7,91.9,160.8,844.1,134.0,586.2,10.5,8.75
8.75x12,8,105.0,210.0,1260,153.1,669.9,12,8.75
8.75x13.5,9,118.1,265.8,1794,172.3,753.7,13.5,8.75
8.75x15,10,131.3,328.1,2461,191.4,837.4,15,8.75
8.75x16.5,11,144.4,397.0,3276,210.5,921.1,16.5,8.75
8.75x18,12,157.5,472.5,4253,229.7,1005,18,8.75
8.75x19.5,13,170.6,554.5,5407,248.8,1089,19.5,8.75
8.75x21,14,183.8,643.1,6753,268.0,1172,21,8.75
8.75x22.5,15,196.9,738.3,8306,287.1,1256,22.5,8.75
8.75x24,16,210.0,840.0,10080,306.3,1340,24,8.75
8.75x25.5,17,223.1,948.3,12091,325.4,1424,25.5,8.75
8.75x27,18,236.3,1063,14352,344.5,1507,27,8.75
8.75x28.5,19,249.4,1185,16880,363.7,1591,28.5,8.75
8.75x30,20,262.5,1313,19688,382.8,1675,30,8.75
8.75x31.5,21,275.6,1447,22791,402.0,1759,31.5,8.75
8.75x33,22,288.8,1588,26204,421.1,1842,33,8.75
8.75x34.5,23,301.9,1736,29942,440.2,1926,34.5,8.75
8.75x36,24,315.0,1890,34020,459.4,2010,36,8.75
8.75x37.5,25,328.1,2051,38452,478.5,2094,37.5,8.75
8.75x39,26,341.3,2218,43253,497.7,2177,39,8.75
8.75x40.5,27,354.4,2392,48439,516.8,2261,40.5,8.75
8.75x42,28,367.5,2573,54023,535.9,2345,42,8.75
8.75x43.5,29,380.6,2760,60020,555.1,2428,43.5,8.75
8.75x45,30,393.8,2953,66445,574.2,2512,45,8.75
8.75x46.5,31,406.9,3153,73314,593.4,2596,46.5,8.75
8.75x48,32,420.0,3360,80640,612.5,2680,48,8.75
8.75x49.5,33,433.1,3573,88439,631.6,2763,49.5,8.75
8.75x51,34,446.3,3793,96725,650.8,2847,51,8.75
8.75x52.5,35,459.4,4020,105513,669.9,2931,52.5,8.75
8.75x54,36,472.5,4253,114818,689.1,3015,54,8.75
8.75x55.5,37,485.6,4492,124654,708.2,3098,55.5,8.75
8.75x57,38,498.8,4738,135037,727.3,3182,57,8.75
8.75x58.5,39,511.9,4991,145980,746.5,3266,58.5,8.75
8.75x60,40,525.0,5250,157500,765.6,3350,60,8.75
8.75x61.5,41,538.1,5516,169610,784.8,3433,61.5,8.75
8.75x63,42,551.3,5788,182326,803.9,3517,63,8.75
10.75x10.5,7,112.9,197.5,1037,202.2,1087,10.5,10.75
10.75x12,8,129.0,258.0,1548,231.1,1242,12,10.75
10.75x13.5,9,145.1,326.5,2204,260.0,1398,13.5,10.75
10.75x15,10,161.3,403.1,3023,288.9,1553,15,10.75
10.75x16.5,11,177.4,487.8,4024,317.8,1708,16.5,10.75
10.75x18,12,193.5,580.5,5225,346.7,1863,18,10.75
10.75x19.5,13,209.6,681.3,6642,375.6,2019,19.5,10.75
10.75x21,14,225.8,790.1,8296,404.5,2174,21,10.75
10.75x22.5,15,241.9,907.0,10204,433.4,2329,22.5,10.75
10.75x24,16,258.0,1032,12384,462.3,2485,24,10.75
10.75x25.5,17,274.1,1165,14854,491.1,2640,25.5,10.75
10.75x27,18,290.3,1306,17633,520.0,2795,27,10.75
10.75x28.5,19,306.4,1455,20738,548.9,2950,28.5,10.75
10.75x30,20,322.5,1613,24188,577.8,3106,30,10.75
10.75x31.5,21,338.6,1778,28000,606.7,3261,31.5,10.75
10.75x33,22,354.8,1951,32194,635.6,3416,33,10.75
10.75x34.5,23,370.9,2133,36786,664.5,3572,34.5,10.75
10.75x36,24,387.0,2322,41796,693.4,3727,36,10.75
10.75x37.5,25,403.1,2520,47241,722.3,3882,37.5,10.75
10.75x39,26,419.3,2725,53140,751.2,4037,39,10.75
10.75x40.5,27,435.4,2939,59510,780.0,4193,40.5,10.75
10.75x42,28,451.5,3161,66371,808.9,4348,42,10.75
10.75x43.5,29,467.6,3390,73739,837.8,4503,43.5,10.75
10.75x45,30,483.8,3628,81633,866.7,4659,45,10.75
10.75x46.5,31,499.9,3874,90071,895.6,4814,46.5,10.75
10.75x48,32,516.0,4128,99072,924.5,4969,48,10.75
10.75x49.5,33,532.1,4390,108653,953.4,5124,49.5,10.75
10.75x51,34,548.3,4660,118833,982.3,5280,51,10.75
10.75x52.5,35,564.4,4938,129630,1011,5435,52.5,10.75
10.75x54,36,580.5,5225,141062,1040,5590,54,10.75
10.75x55.5,37,596.6,5519,153146,1069,5746,55.5,10.75
10.75x57,38,612.8,5821,165902,1098,5901,57,10.75
10.75x58.5,39,628.9,6132,179347,1127,6056,58.5,10.75
10.75x60,40,645.0,6450,193500,1156,6211,60,10.75
10.75x61.5,41,661.1,6777,208378,1185,6367,61.5,10.75
10.75x63,42,677.3,7111,224000,1213,6522,63,10.75
10.75x64.5,43,693.4,7454,240384,1242,6677,64.5,10.75
10.75x66,44,709.5,7805,257549,1271,6833,66,10.75
10.75x67.5,45,725.6,8163,275511,1300,6988,67.5,10.75
10.75x69,46,741.8,8530,294289,1329,7143,69,10.75
10.75x70.5,47,757.9,8905,313902,1358,7298,70.5,10.75
10.75x72,48,774.0,9288,334368,1387,7454,72,10.75
10.75x73.5,49,790.1,9679,355704,1416,7609,73.5,10.75
10.75x75,50,806.3,10078,377930,1445,7764,75,10.75
10.75x76.5,51,822.4,10485,401062,1473,7920,76.5,10.75
10.75x78,52,838.5,10901,425120,1502,8075,78,10.75
10.75x79.5,53,854.6,11324,450120,1531,8230,79.5,10.75
10.75x81,54,870.8,11755,476083,1560,8386,81,10.75
